0 0.660076 0.175349 0.066870 0.190209
0 0.307808 0.164986 0.088185 0.137364
0 0.399332 0.699248 0.079157 0.136841
0 0.609214 0.310048 0.080125 0.130516
0 0.681772 0.828674 0.084558 0.111799
0 0.250589 0.908448 0.066981 0.125659
0 0.097239 0.651526 0.067189 0.117954
0 0.429588 0.096677 0.062150 0.124672
0 0.571020 0.697792 0.062234 0.124224
0 0.124030 0.633201 0.071255 0.102851
0 0.223662 0.573844 0.062269 0.108905
0 0.339012 0.487262 0.044900 0.118872
0 0.373645 0.216678 0.049606 0.103361
0 0.665868 0.060346 0.045786 0.109465
0 0.339953 0.950335 0.050488 0.098134
0 0.417650 0.312927 0.050139 0.091033
0 0.641618 0.458528 0.050989 0.075540
0 0.479385 0.856209 0.043285 0.088436
0 0.517396 0.142239 0.043739 0.072068
1 0.095776 0.449360 0.080433 0.156774
1 0.849937 0.114967 0.074747 0.137364
1 0.067494 0.450233 0.064333 0.157258
1 0.047705 0.444662 0.072652 0.126824
1 0.147360 0.896829 0.070551 0.125424
1 0.901579 0.546977 0.049893 0.166505
1 0.491863 0.463807 0.055851 0.117207
1 0.504016 0.544218 0.076183 0.081525
1 0.948682 0.552505 0.043673 0.129898
1 0.713250 0.201939 0.042413 0.106755
1 0.282627 0.777463 0.038043 0.111323
1 0.717239 0.221723 0.023516 0.150801
