0 0.779037 0.795244 0.078477 0.148815
0 0.290617 0.412961 0.086169 0.119228
0 0.126112 0.763954 0.067189 0.121580
0 0.716362 0.606867 0.060210 0.126681
0 0.310457 0.748688 0.058123 0.117060
0 0.690340 0.255302 0.068521 0.096285
0 0.661824 0.338092 0.064008 0.098473
0 0.429950 0.619633 0.057448 0.109004
0 0.441837 0.177902 0.066313 0.091218
0 0.407302 0.741502 0.056343 0.105273
0 0.729729 0.081332 0.047185 0.113062
0 0.621075 0.617178 0.056343 0.092310
0 0.793896 0.523129 0.049028 0.104594
0 0.375309 0.394178 0.052810 0.089618
0 0.614999 0.504737 0.056343 0.083472
0 0.589067 0.278179 0.061636 0.076001
0 0.281540 0.631296 0.044272 0.102412
0 0.736492 0.110877 0.040751 0.090115
0 0.334950 0.665703 0.038763 0.089232
1 0.838809 0.882046 0.081046 0.111981
1 0.164779 0.144330 0.107227 0.081696
1 0.848257 0.625975 0.094064 0.070921
1 0.135994 0.380443 0.059959 0.059911
