0 0.301341 0.433330 0.086253 0.119372
0 0.673312 0.380035 0.071393 0.128380
0 0.328175 0.636800 0.067609 0.132884
0 0.430449 0.265433 0.066055 0.129077
0 0.707060 0.454157 0.069876 0.121313
0 0.811433 0.612139 0.049972 0.156027
0 0.558967 0.329589 0.066013 0.110498
0 0.106001 0.557568 0.060890 0.118700
0 0.636550 0.576135 0.066839 0.101148
0 0.330274 0.894738 0.061730 0.107502
0 0.446806 0.678756 0.062972 0.094274
0 0.674266 0.114247 0.056004 0.105293
0 0.701577 0.595480 0.048826 0.118168
0 0.724264 0.239168 0.054406 0.100826
0 0.283547 0.553766 0.051316 0.104594
0 0.510970 0.946622 0.048040 0.106755
0 0.574425 0.738673 0.057384 0.084744
0 0.271007 0.773928 0.050468 0.096285
0 0.346503 0.728703 0.038979 0.080238
1 0.924110 0.038982 0.107859 0.073750
1 0.537665 0.423810 0.067137 0.093056
1 0.469352 0.578569 0.054914 0.101644
1 0.608475 0.425668 0.066286 0.073274
1 0.423995 0.579697 0.051435 0.056101
