0 0.450374 0.305335 0.067609 0.134377
0 0.351973 0.676564 0.066059 0.129839
0 0.547412 0.738237 0.064541 0.131809
0 0.767841 0.494584 0.072648 0.112728
0 0.645641 0.328851 0.060890 0.132138
0 0.872345 0.789307 0.056229 0.122283
0 0.536267 0.053840 0.058314 0.103097
0 0.503075 0.669647 0.063829 0.094064
0 0.248007 0.294878 0.061249 0.095041
0 0.312443 0.167738 0.054877 0.095041
0 0.504335 0.172824 0.054591 0.090331
0 0.642129 0.513128 0.058390 0.082482
0 0.482302 0.290677 0.053482 0.088778
0 0.365968 0.493508 0.058370 0.080626
0 0.731868 0.191716 0.049237 0.088654
0 0.501697 0.353365 0.045749 0.088205
0 0.634569 0.625151 0.038821 0.079115
0 0.494887 0.444983 0.039893 0.076147
0 0.349055 0.457815 0.040545 0.069922
1 0.627456 0.675506 0.052344 0.130481
