0 0.286812 0.799554 0.075587 0.163493
0 0.609940 0.145084 0.085877 0.121378
0 0.430722 0.230980 0.091713 0.097050
0 0.714220 0.191549 0.080010 0.109998
0 0.138787 0.440833 0.069288 0.124672
0 0.203456 0.595367 0.079367 0.105262
0 0.655584 0.411389 0.071635 0.103026
0 0.573403 0.783322 0.065075 0.110947
0 0.566107 0.269800 0.056774 0.120342
0 0.344181 0.592226 0.057607 0.110947
0 0.495685 0.424110 0.081886 0.077640
0 0.425651 0.739645 0.062941 0.098619
0 0.582484 0.280961 0.067693 0.090257
0 0.564335 0.632017 0.060807 0.097671
0 0.356576 0.070171 0.069875 0.081551
0 0.090680 0.183556 0.053271 0.105345
0 0.186029 0.131765 0.045352 0.097797
0 0.281760 0.094625 0.047469 0.093163
0 0.434543 0.388687 0.041489 0.084434
1 0.539589 0.554249 0.069588 0.132271
1 0.457303 0.449791 0.067189 0.127659
