0 0.352951 0.769311 0.076847 0.164986
0 0.704614 0.878821 0.061822 0.174723
0 0.717826 0.433071 0.069048 0.153195
0 0.280382 0.570517 0.072898 0.130460
0 0.736883 0.647642 0.057448 0.163997
0 0.222542 0.672667 0.073068 0.117207
0 0.559567 0.789848 0.061867 0.129627
0 0.651539 0.262690 0.067943 0.116860
0 0.621711 0.077089 0.060210 0.128645
0 0.531320 0.555526 0.066839 0.107040
0 0.391054 0.243115 0.055908 0.120595
0 0.636349 0.476771 0.062972 0.103112
0 0.734132 0.829590 0.063124 0.091460
0 0.412909 0.069232 0.054686 0.101148
0 0.072537 0.355222 0.047185 0.107227
1 0.946220 0.247424 0.094535 0.140051
1 0.319146 0.508021 0.089865 0.141096
1 0.059312 0.756869 0.097876 0.114278
1 0.538540 0.350517 0.075715 0.147054
1 0.459686 0.659739 0.091440 0.117945
1 0.545981 0.230306 0.085344 0.118265
1 0.688876 0.493291 0.080529 0.116709
1 0.443162 0.752946 0.081750 0.114411
1 0.267915 0.640532 0.083986 0.104516
1 0.738770 0.365300 0.078779 0.087921
1 0.332374 0.347142 0.081886 0.083613
1 0.050069 0.649491 0.059436 0.109110
1 0.171617 0.184757 0.069284 0.079283
1 0.207055 0.262875 0.064363 0.079056
1 0.673777 0.653572 0.040702 0.098036
1 0.056690 0.193239 0.053945 0.070634
1 0.791487 0.588884 0.047032 0.075401
1 0.826979 0.831214 0.050836 0.066435
1 0.796006 0.755503 0.044776 0.055063
1 0.892617 0.727630 0.019704 0.106813
