0 0.436662 0.607998 0.100447 0.205747
0 0.306437 0.497868 0.085155 0.228145
0 0.756818 0.621984 0.072774 0.148722
0 0.567741 0.676395 0.075495 0.129376
0 0.667919 0.371218 0.063871 0.134900
1 0.423244 0.156467 0.247218 0.226704
1 0.788595 0.323366 0.140821 0.196106
1 0.239395 0.929068 0.172114 0.141864
1 0.439349 0.161078 0.168639 0.132807
1 0.557579 0.865006 0.115542 0.168839
1 0.379042 0.364395 0.094663 0.175243
1 0.758902 0.081307 0.066524 0.157947
1 0.237430 0.929585 0.057333 0.140829
1 0.151007 0.532981 0.041578 0.151722
1 0.843808 0.471894 0.029761 0.162615
