0 0.304701 0.834998 0.061142 0.129077
0 0.586517 0.335123 0.066450 0.115673
0 0.279899 0.481806 0.071388 0.105664
0 0.692802 0.176523 0.064418 0.116709
0 0.358271 0.092285 0.061812 0.119490
0 0.721697 0.509662 0.064064 0.112845
0 0.637821 0.534674 0.070983 0.100662
0 0.813432 0.296514 0.055391 0.127651
0 0.670544 0.242600 0.065698 0.104013
0 0.430774 0.248984 0.062297 0.102547
0 0.259525 0.829953 0.052264 0.109533
0 0.736506 0.408375 0.051274 0.103796
0 0.621606 0.445302 0.049777 0.103131
0 0.216026 0.106132 0.057853 0.088261
0 0.571427 0.131793 0.050392 0.099347
0 0.564581 0.756057 0.055802 0.088261
0 0.674748 0.707915 0.052109 0.091179
0 0.568187 0.590160 0.045990 0.101085
0 0.428154 0.875996 0.043903 0.102121
0 0.299523 0.088626 0.052519 0.085344
0 0.283399 0.558369 0.052100 0.075285
0 0.316428 0.964987 0.049401 0.070026
1 0.142677 0.194126 0.115542 0.100370
1 0.846902 0.808290 0.084826 0.094811
1 0.125045 0.446322 0.076590 0.070026
