0 0.585478 0.635494 0.093079 0.146686
0 0.483394 0.157422 0.089421 0.133163
0 0.414290 0.369239 0.086172 0.129627
0 0.509444 0.857731 0.063187 0.135675
0 0.561724 0.439335 0.071537 0.117060
0 0.454451 0.786364 0.077334 0.108022
0 0.892005 0.323868 0.052519 0.154640
0 0.238520 0.095557 0.078947 0.097050
0 0.105654 0.812588 0.052929 0.129839
0 0.432567 0.564270 0.067391 0.101148
0 0.767272 0.341739 0.055802 0.121815
0 0.203183 0.570398 0.061726 0.105926
0 0.882568 0.079508 0.053340 0.122545
0 0.097122 0.571972 0.057443 0.113062
0 0.693698 0.204368 0.046076 0.137349
0 0.413840 0.394547 0.052491 0.120193
0 0.304247 0.812072 0.061546 0.102121
0 0.475008 0.175064 0.052393 0.107732
0 0.324421 0.225109 0.073510 0.075540
0 0.268645 0.657859 0.051288 0.107956
0 0.599891 0.450256 0.053029 0.099184
0 0.392589 0.936948 0.048580 0.107373
0 0.704371 0.494992 0.042672 0.110874
0 0.283856 0.658507 0.059488 0.078562
0 0.807805 0.284822 0.055730 0.083300
0 0.199919 0.732261 0.062367 0.072943
0 0.442564 0.774211 0.045954 0.092638
0 0.395573 0.541616 0.047032 0.085852
0 0.198383 0.488355 0.042262 0.094097
0 0.617398 0.841138 0.046740 0.068741
0 0.474377 0.421668 0.033456 0.076871
1 0.628870 0.098202 0.060338 0.129929
1 0.424530 0.467615 0.042891 0.126046
1 0.568681 0.487836 0.042316 0.116575
1 0.431095 0.508463 0.045517 0.103482
1 0.178905 0.403088 0.042241 0.089673
