0 0.040976 0.426066 0.070517 0.133834
0 0.828876 0.321013 0.073649 0.104516
0 0.345194 0.835844 0.061259 0.123062
0 0.848580 0.892326 0.061374 0.116575
0 0.171419 0.750257 0.049132 0.132138
0 0.618722 0.206707 0.050410 0.109355
0 0.714278 0.151835 0.056938 0.092159
0 0.158149 0.504476 0.062726 0.083634
0 0.195897 0.077267 0.050811 0.082866
0 0.165937 0.685517 0.038667 0.087626
0 0.683235 0.155764 0.040208 0.078949
0 0.770235 0.970365 0.048048 0.059270
1 0.785818 0.610000 0.083593 0.108929
1 0.373761 0.567596 0.049893 0.072360
1 0.380326 0.662520 0.043766 0.081696
1 0.465451 0.768138 0.043328 0.074694
1 0.612612 0.344845 0.044900 0.068337
1 0.623595 0.430410 0.033917 0.079822
1 0.532664 0.230566 0.037471 0.070634
1 0.534602 0.124041 0.043931 0.058575
1 0.455604 0.865784 0.042015 0.059911
1 0.332621 0.595606 0.029761 0.064579
1 0.669464 0.418350 0.019058 0.089011
