0 0.764271 0.710707 0.072228 0.128405
0 0.508408 0.724957 0.078609 0.103792
0 0.696243 0.523699 0.071388 0.105262
0 0.509526 0.274146 0.063074 0.115397
0 0.087105 0.693154 0.059160 0.111612
0 0.202430 0.095872 0.048293 0.134506
0 0.488798 0.129898 0.049552 0.128405
0 0.677136 0.213884 0.060050 0.099290
0 0.513719 0.887068 0.062972 0.092310
0 0.561746 0.602746 0.057448 0.083472
0 0.236626 0.288047 0.048549 0.096133
0 0.308274 0.458150 0.061612 0.074785
0 0.185900 0.449162 0.049237 0.080238
0 0.428737 0.296117 0.056088 0.067986
0 0.319534 0.797175 0.048440 0.076295
0 0.279639 0.540341 0.039768 0.087532
0 0.626655 0.594633 0.043574 0.077466
0 0.460663 0.246359 0.040313 0.083613
1 0.427908 0.170958 0.077267 0.122433
1 0.623973 0.480884 0.058958 0.142664
1 0.872323 0.861603 0.046838 0.169982
1 0.578630 0.835129 0.051206 0.129469
1 0.472172 0.567315 0.051206 0.123401
1 0.518340 0.455166 0.055137 0.104814
1 0.543008 0.520282 0.049499 0.108228
1 0.376606 0.554758 0.056458 0.087143
1 0.450810 0.493785 0.054268 0.073506
