0 0.908664 0.527954 0.095534 0.151399
0 0.399242 0.380536 0.078337 0.161254
0 0.575093 0.917507 0.086925 0.129152
0 0.664686 0.767309 0.091696 0.115688
0 0.448275 0.256437 0.081886 0.127659
0 0.735948 0.508762 0.073085 0.133706
0 0.278413 0.727982 0.057378 0.160033
0 0.559844 0.750073 0.072235 0.120864
0 0.441484 0.089137 0.074785 0.110288
0 0.413227 0.300649 0.087107 0.089137
0 0.352890 0.083094 0.078609 0.096691
0 0.440296 0.911908 0.079367 0.094064
0 0.459564 0.782932 0.056088 0.127663
0 0.133475 0.528924 0.068239 0.100932
0 0.874272 0.747669 0.063871 0.095109
0 0.337805 0.227375 0.057788 0.084605
1 0.529349 0.540364 0.077466 0.173508
1 0.467737 0.468311 0.060082 0.145288
