0 0.287793 0.513695 0.118211 0.157320
0 0.219413 0.807011 0.092804 0.173198
0 0.534052 0.118954 0.109686 0.144512
0 0.232641 0.101903 0.109182 0.142589
0 0.414890 0.486707 0.087345 0.165956
0 0.783274 0.203147 0.088626 0.161205
0 0.578901 0.223409 0.086172 0.154177
0 0.330395 0.761777 0.095179 0.128292
0 0.716940 0.495287 0.083146 0.138110
0 0.390813 0.745844 0.075677 0.148285
0 0.584337 0.513484 0.075209 0.143188
0 0.610871 0.288725 0.067693 0.158192
0 0.704699 0.582315 0.060762 0.165433
0 0.740336 0.204179 0.077267 0.127659
0 0.432242 0.408029 0.064629 0.152213
0 0.357388 0.137463 0.065817 0.117825
0 0.426939 0.791665 0.053441 0.145074
0 0.475660 0.405139 0.061765 0.119901
0 0.637033 0.865988 0.060470 0.119447
0 0.613055 0.522131 0.062234 0.100932
1 0.949393 0.260629 0.090237 0.181723
1 0.074182 0.754407 0.098263 0.161104
1 0.287652 0.347142 0.074747 0.164239
