0 0.681204 0.547576 0.074618 0.126338
0 0.904671 0.638110 0.057110 0.155281
0 0.181948 0.653962 0.067609 0.110488
0 0.533520 0.525192 0.078527 0.088838
0 0.639746 0.761185 0.059113 0.117724
0 0.378146 0.311308 0.065929 0.103023
0 0.277299 0.706894 0.058493 0.109509
0 0.561866 0.219110 0.059630 0.103769
0 0.779322 0.706418 0.049972 0.123179
0 0.338486 0.830595 0.042358 0.082067
0 0.298519 0.433106 0.041939 0.071207
1 0.873750 0.031111 0.112500 0.062222
1 0.915026 0.924226 0.068029 0.102276
1 0.137252 0.289812 0.055162 0.058751
