0 0.418526 0.233865 0.103697 0.163020
0 0.280465 0.567258 0.072554 0.166433
0 0.663911 0.779113 0.078796 0.144935
0 0.587538 0.790434 0.065608 0.164998
0 0.338708 0.248445 0.072542 0.134653
0 0.547500 0.922572 0.067561 0.135217
0 0.117874 0.374899 0.069682 0.124587
0 0.416923 0.224826 0.066866 0.121693
0 0.675699 0.617227 0.060922 0.133438
0 0.447645 0.768572 0.057110 0.131391
0 0.633283 0.347774 0.071581 0.104013
0 0.445654 0.913708 0.049606 0.146032
0 0.558468 0.265514 0.055473 0.125171
0 0.083721 0.623038 0.061315 0.112932
0 0.424318 0.071120 0.064541 0.104309
0 0.906401 0.375855 0.045869 0.136100
0 0.449557 0.168454 0.058638 0.089137
0 0.562438 0.220801 0.061259 0.080183
0 0.717775 0.446557 0.054912 0.084256
0 0.423518 0.237540 0.041605 0.078706
1 0.542479 0.403036 0.096723 0.160281
1 0.075387 0.903404 0.095016 0.148688
1 0.066769 0.260916 0.072228 0.132138
1 0.945000 0.764444 0.060000 0.155556
1 0.934049 0.109279 0.061142 0.148681
1 0.458623 0.606940 0.068868 0.119447
1 0.529700 0.333283 0.060310 0.116320
