0 0.075130 0.712900 0.074855 0.155970
0 0.413190 0.806480 0.075587 0.123926
0 0.652453 0.621754 0.061172 0.130214
0 0.581583 0.206281 0.066000 0.119857
0 0.527011 0.280326 0.073908 0.094811
0 0.591112 0.822663 0.055391 0.120356
0 0.199410 0.196404 0.056115 0.118466
0 0.220203 0.406169 0.067639 0.083728
0 0.357110 0.393529 0.062408 0.089137
0 0.474191 0.088188 0.061874 0.085344
0 0.314147 0.883315 0.061126 0.083728
0 0.469923 0.736857 0.039471 0.103361
1 0.428027 0.468882 0.102412 0.137561
1 0.899610 0.136161 0.071339 0.147832
1 0.101833 0.869729 0.074328 0.135124
1 0.714042 0.238709 0.089895 0.105194
1 0.305046 0.780818 0.108090 0.086375
1 0.936373 0.068469 0.071339 0.124490
1 0.468707 0.324746 0.077947 0.110251
1 0.051861 0.932438 0.055851 0.135124
1 0.721266 0.822582 0.093848 0.075304
1 0.426281 0.472283 0.054270 0.121378
1 0.580149 0.537510 0.071065 0.087288
1 0.691721 0.340013 0.054707 0.108929
1 0.439456 0.212540 0.065509 0.064053
1 0.723430 0.859910 0.052913 0.077884
1 0.272135 0.145576 0.060596 0.064053
1 0.541823 0.717564 0.048143 0.066913
1 0.750149 0.768916 0.033262 0.093367
1 0.574932 0.797704 0.041534 0.060689
1 0.555825 0.543689 0.024272 0.017260
