0 0.636493 0.876821 0.079187 0.167439
0 0.799941 0.577125 0.104636 0.119982
0 0.545175 0.744583 0.089655 0.132432
0 0.647174 0.598315 0.084616 0.134900
0 0.369070 0.148440 0.086575 0.117439
0 0.203491 0.447106 0.068808 0.139395
0 0.454988 0.052629 0.091744 0.091981
0 0.452362 0.249101 0.068521 0.114521
0 0.184233 0.611832 0.057033 0.121086
0 0.356310 0.428141 0.058674 0.105257
0 0.165764 0.262231 0.051699 0.092638
0 0.473114 0.922287 0.019568 0.069016
1 0.643776 0.390431 0.117774 0.127447
1 0.369034 0.665765 0.089529 0.112578
1 0.533507 0.586270 0.072652 0.125268
1 0.462111 0.419743 0.066055 0.129077
1 0.395813 0.660478 0.059504 0.121313
1 0.494109 0.649115 0.040324 0.174800
1 0.609004 0.353629 0.076590 0.072360
1 0.323451 0.599286 0.062779 0.070847
1 0.515344 0.384752 0.041578 0.105038
1 0.682530 0.416263 0.045954 0.094924
1 0.522281 0.507213 0.034800 0.122752
1 0.483402 0.648296 0.034392 0.120342
1 0.445776 0.547476 0.045296 0.077580
1 0.451739 0.580846 0.027841 0.086375
1 0.554165 0.431902 0.027310 0.064735
