0 0.940712 0.808536 0.072060 0.149652
0 0.440716 0.817089 0.073488 0.133631
0 0.465282 0.435607 0.089025 0.109742
0 0.545686 0.580205 0.072889 0.120283
0 0.568892 0.191174 0.080733 0.103432
0 0.550527 0.858157 0.073068 0.108995
0 0.794783 0.645646 0.061658 0.127053
0 0.286643 0.698883 0.066672 0.112730
0 0.562680 0.516204 0.068537 0.107891
0 0.456411 0.144676 0.062703 0.113844
0 0.452894 0.060097 0.074328 0.094811
0 0.585900 0.734378 0.054940 0.127067
0 0.095744 0.179543 0.060470 0.112728
0 0.380584 0.104716 0.062990 0.105143
0 0.551267 0.952587 0.068808 0.087240
0 0.071363 0.123430 0.053160 0.107107
0 0.272238 0.208983 0.045544 0.110144
0 0.713273 0.330089 0.046711 0.090515
0 0.069913 0.201612 0.052837 0.074459
0 0.036245 0.520068 0.037695 0.103097
1 0.484766 0.759904 0.093896 0.155281
1 0.516329 0.263996 0.099568 0.131492
1 0.385684 0.356660 0.076973 0.146546
1 0.614400 0.667681 0.073454 0.144603
1 0.466742 0.717208 0.102920 0.090151
1 0.153347 0.724103 0.063898 0.128380
1 0.846158 0.283312 0.057110 0.129152
1 0.324542 0.088316 0.096626 0.067935
1 0.382875 0.321930 0.040808 0.112555
1 0.658646 0.766158 0.033303 0.105515
1 0.339898 0.233419 0.029264 0.103128
1 0.386476 0.906115 0.054011 0.050143
1 0.417382 0.949057 0.063012 0.038941
1 0.108958 0.721804 0.036029 0.063611
1 0.597026 0.052945 0.037053 0.030103
