0 0.408339 0.760286 0.073152 0.166927
0 0.332458 0.245537 0.068784 0.161104
0 0.727738 0.341543 0.064669 0.161999
0 0.262327 0.343961 0.067483 0.140081
0 0.449324 0.263012 0.076233 0.118298
0 0.875183 0.320221 0.064008 0.135675
0 0.552070 0.752340 0.066880 0.126921
0 0.090678 0.305997 0.062367 0.129110
0 0.528950 0.150744 0.064281 0.122318
0 0.819492 0.262782 0.044093 0.173198
0 0.274257 0.661703 0.072624 0.105038
0 0.740415 0.667532 0.056180 0.131298
0 0.832300 0.091451 0.083986 0.085852
0 0.659977 0.801282 0.057853 0.121815
0 0.875639 0.599153 0.054591 0.124672
0 0.472878 0.862919 0.050468 0.134216
0 0.690135 0.543792 0.064008 0.099932
0 0.561504 0.888814 0.055391 0.104309
0 0.126385 0.417325 0.048006 0.110874
0 0.422823 0.681220 0.049647 0.101391
0 0.344944 0.952222 0.042426 0.095556
0 0.575303 0.315270 0.040701 0.090733
0 0.260176 0.565277 0.040272 0.089924
0 0.336372 0.494254 0.027707 0.072741
1 0.532051 0.455390 0.062150 0.182156
1 0.470905 0.577930 0.070551 0.126435
