0 0.560035 0.137483 0.089232 0.125396
0 0.403172 0.095104 0.087489 0.126806
0 0.475005 0.385617 0.058467 0.142991
0 0.437797 0.098838 0.073855 0.098473
0 0.641193 0.448330 0.077334 0.091403
0 0.413146 0.273349 0.055560 0.118298
0 0.648694 0.196947 0.052519 0.119627
0 0.557606 0.114886 0.064008 0.092638
0 0.674863 0.167660 0.051670 0.109782
0 0.222327 0.584406 0.052519 0.105038
0 0.584157 0.728039 0.051839 0.096691
0 0.195306 0.470484 0.042672 0.107956
0 0.397757 0.200822 0.047402 0.088348
1 0.582022 0.456137 0.058790 0.131391
1 0.417334 0.563431 0.041140 0.129936
