0 0.401779 0.233006 0.070214 0.153950
0 0.525983 0.272711 0.067147 0.155281
0 0.217556 0.722996 0.083663 0.122892
0 0.729419 0.066899 0.084012 0.121351
0 0.327587 0.345729 0.073022 0.137931
0 0.604047 0.166927 0.067147 0.145576
0 0.677140 0.650443 0.073085 0.129929
0 0.655636 0.325119 0.076427 0.120342
0 0.211015 0.128032 0.073488 0.114221
0 0.792096 0.300891 0.057853 0.140781
0 0.710666 0.376944 0.060762 0.126907
0 0.398612 0.844631 0.057033 0.124004
0 0.816973 0.450164 0.064249 0.108995
0 0.481699 0.900068 0.050878 0.134216
0 0.347596 0.673164 0.059488 0.111799
0 0.478629 0.742044 0.059905 0.110874
0 0.391988 0.483210 0.054767 0.120802
0 0.416296 0.678387 0.052758 0.116067
0 0.199328 0.660741 0.055865 0.109415
0 0.180850 0.556052 0.056812 0.086410
0 0.167500 0.962967 0.061672 0.074065
0 0.272853 0.955392 0.045765 0.085849
0 0.730004 0.515343 0.042239 0.081657
0 0.175011 0.370889 0.043871 0.065088
0 0.268119 0.494892 0.033140 0.078554
1 0.456253 0.430008 0.075167 0.144829
1 0.831409 0.746974 0.055011 0.169465
1 0.547822 0.570000 0.072113 0.106598
1 0.166796 0.257935 0.057780 0.115205
1 0.169341 0.242995 0.026933 0.148430
