0 0.917926 0.391457 0.074493 0.178139
0 0.395703 0.051242 0.073301 0.101600
0 0.711710 0.474609 0.058812 0.123758
0 0.536873 0.468454 0.049313 0.119686
0 0.288136 0.461420 0.047807 0.111981
0 0.698538 0.059478 0.063012 0.068814
0 0.276061 0.703045 0.035256 0.120847
0 0.552788 0.704893 0.054268 0.076951
0 0.170394 0.482093 0.060405 0.068337
0 0.416378 0.729250 0.040751 0.084372
0 0.682320 0.758299 0.046515 0.072357
0 0.628052 0.742794 0.033594 0.064317
1 0.935797 0.673667 0.080756 0.098888
1 0.205604 0.972723 0.058467 0.054555
