0 0.594240 0.093292 0.098155 0.142771
0 0.147338 0.067974 0.092951 0.128916
0 0.240320 0.329694 0.100183 0.115181
0 0.462942 0.067608 0.090506 0.126152
0 0.334559 0.139464 0.106136 0.105477
0 0.298565 0.669110 0.083063 0.127978
0 0.756016 0.685712 0.079884 0.125396
0 0.507295 0.837035 0.083086 0.116503
0 0.471119 0.264947 0.073152 0.130047
0 0.531990 0.758421 0.072235 0.129929
0 0.456143 0.794681 0.083708 0.111799
0 0.677474 0.648099 0.082978 0.105785
1 0.498026 0.534710 0.089326 0.145653
1 0.510053 0.479796 0.071065 0.146437
