0 0.489706 0.798963 0.106998 0.142439
0 0.281983 0.358713 0.090285 0.139603
0 0.897987 0.631165 0.058194 0.209435
0 0.229701 0.112728 0.086505 0.132884
0 0.453524 0.120308 0.076233 0.138397
0 0.231930 0.541242 0.068481 0.152180
0 0.732506 0.845391 0.069473 0.146946
0 0.104125 0.398209 0.073467 0.136501
0 0.334096 0.929153 0.085162 0.108696
0 0.163611 0.408875 0.066220 0.138972
0 0.883845 0.525752 0.063913 0.129626
0 0.544066 0.893868 0.068111 0.113062
0 0.515550 0.223571 0.066059 0.108686
0 0.607607 0.791300 0.050710 0.136128
0 0.607759 0.558486 0.052231 0.109083
0 0.268970 0.151835 0.061187 0.087626
0 0.737186 0.850692 0.046612 0.107502
0 0.384971 0.206602 0.055239 0.088382
0 0.324846 0.435488 0.059063 0.082339
0 0.393256 0.447197 0.049715 0.093670
0 0.633205 0.277715 0.049864 0.089299
0 0.371103 0.722687 0.042490 0.083931
1 0.763962 0.085032 0.060779 0.136238
1 0.234741 0.941397 0.053751 0.117207
1 0.494677 0.453524 0.070548 0.087345
1 0.508581 0.542689 0.073964 0.062245
1 0.516226 0.564580 0.064861 0.070804
1 0.550108 0.026502 0.042833 0.053004
1 0.549688 0.039567 0.026036 0.055244
