0 0.883531 0.918627 0.074747 0.134377
0 0.193377 0.932065 0.060050 0.132884
0 0.139324 0.273553 0.052162 0.137329
0 0.689835 0.811271 0.046844 0.127231
0 0.785478 0.449418 0.060050 0.098543
0 0.419090 0.097797 0.056271 0.103023
0 0.865637 0.747146 0.038896 0.102851
0 0.621119 0.577552 0.052917 0.075568
0 0.482364 0.828481 0.036960 0.093419
1 0.588871 0.330248 0.065999 0.132504
1 0.351407 0.626011 0.047705 0.108929
1 0.773632 0.612209 0.049456 0.073138
1 0.411345 0.639833 0.021433 0.124860
1 0.287727 0.589053 0.036763 0.069247
1 0.236585 0.403361 0.036930 0.059089
1 0.638839 0.364878 0.022860 0.078630
1 0.705633 0.411014 0.030437 0.049150
