0 0.314716 0.839867 0.067147 0.139753
0 0.681984 0.172609 0.062887 0.133706
0 0.428811 0.319781 0.066055 0.127136
0 0.531001 0.109368 0.066769 0.123179
0 0.339828 0.623063 0.070422 0.116460
0 0.763579 0.744751 0.082061 0.099203
0 0.798198 0.257780 0.059658 0.122752
0 0.745690 0.337107 0.055473 0.124222
0 0.187817 0.702521 0.069686 0.097447
0 0.196564 0.761463 0.063325 0.106755
0 0.240111 0.936539 0.046118 0.126921
0 0.576606 0.689680 0.052689 0.105756
0 0.556210 0.479679 0.049290 0.095180
0 0.660526 0.391297 0.051414 0.086116
0 0.441367 0.533777 0.036576 0.120342
0 0.600150 0.800686 0.033455 0.096160
0 0.234191 0.447925 0.034886 0.072357
1 0.067949 0.694240 0.106452 0.162074
1 0.478929 0.690924 0.118000 0.139603
1 0.483759 0.571851 0.089025 0.143336
1 0.938817 0.339506 0.099143 0.127030
1 0.659186 0.589244 0.086657 0.133049
1 0.281143 0.562519 0.088605 0.124672
1 0.521909 0.438049 0.085344 0.126046
1 0.345287 0.274167 0.068239 0.134900
1 0.064947 0.549150 0.076427 0.112578
1 0.338043 0.411717 0.067189 0.127659
1 0.070695 0.097050 0.086799 0.097050
1 0.707477 0.441161 0.069588 0.116709
1 0.931930 0.443975 0.057185 0.123900
1 0.193524 0.094139 0.069330 0.091227
1 0.654958 0.739349 0.052082 0.098036
1 0.285342 0.544602 0.073488 0.069428
1 0.921878 0.928916 0.052270 0.089748
1 0.808139 0.915580 0.050331 0.078584
1 0.779708 0.849475 0.047133 0.073617
1 0.192198 0.092743 0.043285 0.066040
1 0.773126 0.848278 0.041578 0.046684
