0 0.720887 0.747288 0.072009 0.112843
0 0.187317 0.589451 0.057074 0.127067
0 0.174691 0.210525 0.059630 0.116460
0 0.568958 0.359948 0.059488 0.094425
0 0.111063 0.662818 0.057950 0.096304
0 0.604438 0.224731 0.052264 0.103490
0 0.436081 0.377865 0.058144 0.090733
0 0.494709 0.163952 0.064928 0.080971
0 0.502727 0.835476 0.049606 0.105257
0 0.564068 0.630652 0.051740 0.099568
0 0.347791 0.131440 0.050565 0.099713
0 0.566259 0.925137 0.044577 0.111407
0 0.751824 0.161205 0.054940 0.087240
0 0.529919 0.596659 0.058467 0.080397
0 0.808142 0.421020 0.044269 0.101265
0 0.488649 0.464949 0.050989 0.086871
0 0.711819 0.102887 0.046406 0.080602
0 0.476114 0.399606 0.056513 0.064964
0 0.415987 0.731040 0.042672 0.080967
0 0.742139 0.345621 0.033048 0.064494
1 0.350011 0.514442 0.073488 0.158416
1 0.448733 0.257381 0.084179 0.119901
1 0.643461 0.049099 0.113058 0.084417
1 0.621007 0.068116 0.062551 0.100122
1 0.648241 0.507236 0.050836 0.109527
1 0.625533 0.469460 0.061697 0.086714
1 0.540510 0.728086 0.044776 0.089178
1 0.342242 0.499895 0.031333 0.123466
1 0.645885 0.538658 0.042083 0.083791
1 0.319146 0.608431 0.054914 0.063743
