0 0.321755 0.753184 0.076273 0.179779
0 0.268029 0.583457 0.084514 0.135222
0 0.675282 0.248445 0.080010 0.115688
0 0.420893 0.235745 0.058824 0.121704
0 0.442805 0.459913 0.054767 0.121704
0 0.444054 0.082973 0.059207 0.110947
0 0.791318 0.345741 0.054912 0.115053
0 0.652879 0.078706 0.050139 0.125171
0 0.553015 0.941999 0.057498 0.105664
0 0.634255 0.862464 0.052007 0.114278
0 0.205463 0.671257 0.056852 0.095902
0 0.553661 0.547287 0.059488 0.083849
0 0.345108 0.922717 0.044805 0.099568
0 0.478031 0.963966 0.059954 0.072068
1 0.527161 0.348572 0.084468 0.126046
1 0.663974 0.504223 0.086482 0.120366
1 0.288240 0.648782 0.074244 0.136841
1 0.708921 0.371719 0.089895 0.110251
1 0.908591 0.242628 0.059218 0.161424
1 0.481764 0.636165 0.071514 0.129077
1 0.065898 0.757178 0.081886 0.111608
1 0.930902 0.248202 0.086657 0.104260
1 0.335461 0.501750 0.063871 0.116460
1 0.066717 0.632953 0.062779 0.111608
1 0.347702 0.338183 0.075587 0.083613
1 0.189430 0.176146 0.062234 0.098021
1 0.553421 0.249369 0.066962 0.081696
1 0.650984 0.657168 0.052519 0.097258
1 0.808485 0.829505 0.042281 0.098655
1 0.925869 0.368023 0.039827 0.101148
1 0.067420 0.178087 0.049678 0.072788
1 0.775130 0.757838 0.054620 0.058666
1 0.443510 0.741086 0.037471 0.076377
1 0.192433 0.173235 0.042035 0.065024
1 0.216474 0.247179 0.053299 0.050535
