0 0.592634 0.543317 0.074020 0.164979
0 0.283629 0.767824 0.070968 0.164015
0 0.244537 0.167699 0.088807 0.126907
0 0.763715 0.862317 0.063709 0.172015
0 0.666827 0.832103 0.092258 0.116460
0 0.262063 0.442259 0.073511 0.127574
0 0.718651 0.449331 0.070162 0.129839
0 0.466383 0.645814 0.070548 0.123179
0 0.114889 0.737669 0.057067 0.152178
0 0.418357 0.466012 0.067483 0.116503
0 0.343775 0.181592 0.079476 0.097671
0 0.638477 0.131809 0.069342 0.106205
0 0.763374 0.699891 0.067700 0.108686
0 0.451223 0.554610 0.058553 0.124717
0 0.099910 0.382952 0.052929 0.137133
0 0.580870 0.532450 0.065075 0.107154
0 0.455833 0.349381 0.070968 0.097050
0 0.547798 0.380736 0.057530 0.106009
0 0.721318 0.215183 0.059905 0.100662
0 0.542732 0.656672 0.067742 0.084395
1 0.466542 0.365432 0.075587 0.175437
1 0.533923 0.632680 0.080792 0.145653
1 0.452734 0.377927 0.047872 0.129152
