0 0.354375 0.513727 0.084064 0.112730
0 0.110947 0.135602 0.070409 0.130860
0 0.205046 0.944266 0.073648 0.110324
0 0.836197 0.673382 0.070026 0.115189
0 0.711504 0.708747 0.062408 0.127067
0 0.948819 0.922563 0.047914 0.143259
0 0.553162 0.106961 0.070428 0.095156
0 0.446795 0.911996 0.052264 0.120109
0 0.662431 0.635731 0.043205 0.142239
0 0.652028 0.498942 0.059063 0.100468
0 0.716571 0.503922 0.055473 0.106205
0 0.742855 0.104889 0.048712 0.117207
0 0.891374 0.656382 0.047642 0.110445
0 0.282691 0.503646 0.040239 0.122840
0 0.516188 0.745480 0.048826 0.092638
0 0.268335 0.052258 0.052071 0.083613
0 0.254735 0.904820 0.041217 0.101224
0 0.612587 0.807794 0.050878 0.079508
0 0.661164 0.626982 0.039092 0.067986
1 0.548169 0.421709 0.065211 0.147832
1 0.321625 0.705217 0.084031 0.100370
1 0.430442 0.375683 0.056577 0.123415
1 0.172872 0.663561 0.073908 0.094064
1 0.504841 0.626729 0.055583 0.092589
1 0.675602 0.295745 0.051361 0.082694
1 0.444902 0.552175 0.049944 0.084814
1 0.740139 0.692332 0.054270 0.070804
1 0.364691 0.304291 0.026377 0.060824
