0 0.192168 0.523001 0.076867 0.121628
0 0.282276 0.502960 0.078947 0.113474
0 0.669267 0.431780 0.057952 0.143807
0 0.260566 0.326985 0.062569 0.107502
0 0.443604 0.715125 0.053971 0.101560
0 0.389298 0.530883 0.042491 0.123886
0 0.472421 0.351248 0.048712 0.087345
0 0.330447 0.588293 0.043766 0.093670
0 0.590244 0.696900 0.037374 0.100037
0 0.413988 0.498157 0.050171 0.073832
0 0.311248 0.097069 0.038667 0.094425
0 0.457418 0.533690 0.046315 0.077806
0 0.738699 0.677388 0.039768 0.088654
0 0.579011 0.488702 0.038117 0.078986
0 0.287666 0.900665 0.040792 0.073274
0 0.276799 0.879363 0.029037 0.090899
0 0.413075 0.182102 0.041252 0.053020
1 0.802887 0.156390 0.074840 0.121378
1 0.189092 0.806839 0.064108 0.111760
1 0.876666 0.351923 0.043093 0.129278
1 0.828971 0.359076 0.040965 0.127447
1 0.165522 0.671786 0.043306 0.119901
1 0.167972 0.555025 0.047807 0.106239
1 0.298259 0.408450 0.047502 0.099384
1 0.691568 0.613969 0.043810 0.101148
1 0.411929 0.882722 0.066013 0.053877
1 0.325930 0.308953 0.043285 0.080397
1 0.352946 0.347448 0.041232 0.083857
1 0.068259 0.654954 0.039732 0.078100
1 0.487868 0.785547 0.029077 0.105054
1 0.927182 0.343903 0.038952 0.057577
