0 0.518422 0.179440 0.062777 0.116709
0 0.452362 0.359246 0.065239 0.098473
0 0.526596 0.618276 0.048006 0.118168
0 0.300851 0.457718 0.062493 0.087532
0 0.536885 0.328245 0.055391 0.096285
0 0.455029 0.196947 0.049237 0.107956
0 0.524955 0.773281 0.043903 0.117439
0 0.605612 0.057625 0.054160 0.094826
0 0.631224 0.705079 0.048006 0.103579
0 0.295328 0.569377 0.052709 0.092021
0 0.355546 0.275501 0.043871 0.108854
0 0.439027 0.460272 0.050878 0.081696
0 0.565812 0.959516 0.031183 0.064920
1 0.110866 0.795152 0.095324 0.089585
1 0.665378 0.149681 0.049132 0.154534
1 0.395993 0.586035 0.045352 0.164239
1 0.488168 0.969392 0.076007 0.055244
