0 0.905998 0.840613 0.074328 0.203806
0 0.795442 0.697789 0.079157 0.176632
0 0.097858 0.174334 0.073445 0.167770
0 0.601339 0.593127 0.065509 0.184396
0 0.671047 0.157520 0.083146 0.144829
0 0.694563 0.547961 0.078107 0.152294
0 0.310704 0.304866 0.079476 0.135602
0 0.203717 0.286667 0.080830 0.128380
0 0.601759 0.361699 0.068868 0.133631
0 0.406716 0.418184 0.072009 0.121378
0 0.408583 0.668051 0.071475 0.118533
0 0.098536 0.343558 0.063871 0.124224
0 0.302437 0.446632 0.054407 0.117585
0 0.334440 0.828364 0.056540 0.104309
0 0.897337 0.674797 0.046406 0.109998
1 0.497838 0.256410 0.129722 0.142619
1 0.490330 0.513672 0.073068 0.164986
1 0.545698 0.780882 0.056690 0.153787
1 0.515541 0.489886 0.068844 0.117332
1 0.383606 0.266142 0.081886 0.075401
1 0.574253 0.614777 0.043253 0.106755
