0 0.487958 0.354234 0.076427 0.135124
0 0.606588 0.401266 0.076847 0.130645
0 0.600499 0.279580 0.076427 0.127659
0 0.156237 0.714501 0.092804 0.104516
0 0.230481 0.196767 0.075587 0.109848
0 0.092804 0.199326 0.066349 0.114967
0 0.212064 0.047405 0.083986 0.087345
0 0.519462 0.655948 0.065649 0.106497
0 0.324605 0.103396 0.068029 0.100783
0 0.252378 0.549828 0.057110 0.118700
0 0.398983 0.616425 0.061546 0.107227
0 0.550317 0.891005 0.052491 0.113474
0 0.224872 0.700256 0.042413 0.126912
0 0.662171 0.315059 0.055549 0.095948
0 0.092183 0.518290 0.056378 0.087378
0 0.402060 0.737876 0.051288 0.091909
0 0.338253 0.378496 0.042413 0.110488
0 0.726898 0.890632 0.048712 0.090331
0 0.656016 0.621982 0.043871 0.081360
0 0.327517 0.294007 0.046516 0.069477
1 0.381296 0.300483 0.068029 0.181409
1 0.157558 0.136161 0.113792 0.093367
1 0.173248 0.177009 0.075671 0.127447
1 0.619759 0.711629 0.066568 0.144642
1 0.819963 0.868055 0.035274 0.158267
