0 0.475539 0.323421 0.158733 0.118700
0 0.814612 0.776994 0.076847 0.148562
0 0.698251 0.623511 0.086385 0.125846
0 0.303011 0.208618 0.076727 0.135675
0 0.612887 0.411344 0.106242 0.092571
0 0.185869 0.223936 0.065649 0.144428
0 0.402715 0.584276 0.053750 0.147345
0 0.403946 0.339186 0.065239 0.121086
0 0.305063 0.380764 0.063597 0.112333
0 0.894247 0.568359 0.057853 0.110874
0 0.595668 0.660838 0.068389 0.091718
0 0.384867 0.878237 0.051699 0.116709
0 0.331322 0.771375 0.048826 0.123274
1 0.591810 0.812779 0.100137 0.122389
1 0.407883 0.178204 0.096942 0.107860
1 0.532664 0.666432 0.075587 0.133803
1 0.484467 0.353007 0.084775 0.097102
1 0.587901 0.515113 0.051038 0.136674
1 0.522872 0.593233 0.071689 0.096091
1 0.473749 0.423836 0.050069 0.126912
1 0.486311 0.439885 0.057175 0.109110
1 0.558381 0.381054 0.047484 0.117150
1 0.262033 0.086166 0.062269 0.050264
1 0.539771 0.524876 0.032948 0.090733
