0 0.423625 0.155281 0.077519 0.178573
0 0.634891 0.337250 0.089529 0.134900
0 0.821319 0.216422 0.070422 0.149458
0 0.871688 0.644289 0.071514 0.145576
0 0.204443 0.077640 0.094442 0.102873
0 0.136789 0.368112 0.066352 0.121445
0 0.165321 0.672705 0.061142 0.118401
0 0.361979 0.661062 0.065509 0.084359
0 0.266687 0.737387 0.053539 0.098202
0 0.641618 0.345218 0.056088 0.090648
0 0.240402 0.343416 0.050009 0.082513
0 0.586431 0.945502 0.057530 0.065696
1 0.664906 0.526089 0.055212 0.117308
1 0.285940 0.520510 0.066659 0.086185
1 0.336363 0.467335 0.041993 0.120940
1 0.713244 0.498426 0.041744 0.108226
