0 0.726478 0.881415 0.067835 0.132655
0 0.628020 0.468726 0.063737 0.138238
0 0.537510 0.281101 0.069773 0.116575
0 0.151555 0.633675 0.077267 0.105262
0 0.267915 0.173571 0.076427 0.096304
0 0.623559 0.055900 0.065012 0.111799
0 0.313160 0.259858 0.061187 0.108778
0 0.459442 0.568399 0.061730 0.103041
0 0.443184 0.389031 0.053539 0.107267
0 0.250018 0.611348 0.049715 0.105001
0 0.751645 0.402859 0.050151 0.096862
0 0.846769 0.395900 0.053873 0.088188
0 0.459755 0.719518 0.051839 0.088382
0 0.374146 0.757743 0.055391 0.080238
0 0.813602 0.680341 0.057175 0.072931
0 0.543250 0.429822 0.049715 0.081583
0 0.514252 0.884286 0.045223 0.086714
0 0.278803 0.119262 0.049647 0.076590
0 0.560320 0.625725 0.043732 0.081722
0 0.626321 0.242861 0.032293 0.071763
1 0.499393 0.274210 0.083340 0.187784
1 0.503390 0.749944 0.088407 0.136939
1 0.405716 0.539520 0.071065 0.079822
1 0.493094 0.249517 0.044254 0.128061
1 0.415777 0.086485 0.042419 0.099951
1 0.216204 0.054075 0.054270 0.073916
1 0.399417 0.561054 0.043608 0.079248
1 0.577578 0.916410 0.031987 0.104754
1 0.892564 0.718892 0.049018 0.067691
1 0.773207 0.948201 0.029676 0.094965
1 0.908800 0.160281 0.020570 0.043571
