2 0.43099453315385483 0.20380573237589925 0.04531038157285622 0.09705034875042819
2 0.5803004290595917 0.35908629037658435 0.05459082117211572 0.08152229295035966
2 0.5654200630244965 0.6886706298927164 0.07642714964096235 0.14460501963813813
2 0.27398452979183535 0.5165697285491637 0.050728501850725395 0.09147234619432389
2 0.22537948679393707 0.4496316735467469 0.059424816453706876 0.11337417556479579
2 0.25273664314914973 0.35139552710565963 0.04891676964177087 0.11273000411272306
2 0.35618655228045043 0.28407961036406215 0.060149509337288694 0.09404903200261469
2 0.26668079209241546 0.8485783626327933 0.06435847132327364 0.09797611470924934
2 0.4233233932729121 0.7052307585615426 0.06250908996340947 0.11638773358078609
2 0.3192032227125584 0.7259438297920215 0.06657772895511073 0.14860806660597548
2 0.7632798169954306 0.8068973693735109 0.06331243165523488 0.13437740596213132
2 0.6392617461515816 0.56449995752468 0.060082205550376105 0.11140690921646787
2 0.08650545508812206 0.7569927202533399 0.056270538746642514 0.11646041850051375
2 0.22361240210885922 0.9533411784853709 0.04829188026764093 0.09331764302925805
