3 0.30088159416993165 0.7196138637883664 0.07432750267280383 0.06942832641376782
3 0.7015216031640122 0.4018822964997099 0.025803581311003115 0.029562621551371605
3 0.641935761725959 0.2348019711723885 0.04453506996639831 0.023786017340184103
2 0.383251044201909 0.20316176565369878 0.06410744739377386 0.12458700611516021
2 0.2772039752587637 0.09502071748850421 0.08373023299604888 0.13078897236060275
2 0.8387282081266204 0.540668067151054 0.07009590647543859 0.1131296964723925
2 0.7750927538608994 0.47319223296066754 0.04877641418336978 0.08384231312167166
2 0.7933435313533524 0.28339850359962315 0.03682457759539176 0.08556510037759647
2 0.6425140605425459 0.595680643088184 0.05669046814027432 0.11646041850051368
2 0.499715978421676 0.16909156916901527 0.06886842055559235 0.12317928879862038
