2 0.5335202946090246 0.5251916949686634 0.07852679660912053 0.08883839616385358
2 0.3781464189653103 0.31130765714560427 0.06592891480017066 0.10302267790430072
2 0.5618655286791616 0.2191098258326975 0.05962997389569587 0.10376921904853476
2 0.9046710678128858 0.6381097117878116 0.057110397533905795 0.15528055800068521
2 0.7793221438138355 0.7064182264852283 0.04997159784216748 0.12317928879862038
3 0.9150261487233883 0.9242260738602426 0.06802856176832904 0.1022761367600667
3 0.1372523071954558 0.28981168866470536 0.05516232271374474 0.058751462830254654
2 0.1819481414820887 0.6539622890232789 0.06760863237469733 0.11048808934664138
2 0.6812039741951272 0.547575592830071 0.0746182230222412 0.12633773210114904
2 0.6397462800673105 0.7611848359094233 0.05911313771891841 0.11772379582152538
2 0.33848592859896515 0.8305946703025435 0.04235829904535578 0.08206744299406225
2 0.27729855552483257 0.7068935075483569 0.05849306846053029 0.10950914685235957
2 0.2985193717075654 0.4331057165245953 0.04193879097391214 0.07120693598566845
