3 0.1811995333520615 0.5147401189493865 0.07180792631101396 0.22769504899138923
2 0.18518886259156225 0.21985636697693156 0.06718870298106569 0.14258935854870602
2 0.2534273890567071 0.8939911575187628 0.06844849116196067 0.140349735116004
2 0.3949435947105768 0.3307177268956899 0.05501075056574756 0.1239258299428544
3 0.5785394325358147 0.6901802439869854 0.061697318602805494 0.13150609386892342
3 0.6471817372640669 0.7364083686876332 0.0646045220971785 0.11485248372831734
3 0.6639729758537524 0.48783592463602815 0.02939505755421621 0.0568519794455171
2 0.6972428029380617 0.35824654687869084 0.05706823803174274 0.116502942074371
2 0.6147805642510461 0.08834806440639803 0.058160453113689885 0.10485264786693392
2 0.521972236284154 0.6397857606085919 0.06550898540653911 0.13885665282753584
2 0.44743476891453426 0.7696920570037915 0.05753032692753756 0.13811011168330153
2 0.520712448103259 0.9231062621438915 0.052911103597589174 0.15378747571221724
