2 0.4163776144207145 0.7292502097635972 0.040750544707451083 0.08437240150811007
2 0.2760612271733256 0.7030449612264275 0.03525630878625414 0.12084656440883905
3 0.20560389157427067 0.9727225351145248 0.058467092497946564 0.054554929770950625
2 0.1703944270313084 0.4820933004496122 0.060405228160861954 0.06833722781834886
2 0.2881361685534162 0.4614198533785151 0.04780734635191209 0.11198117163510943
3 0.9357965025776314 0.6736672424321907 0.08075565262147308 0.09888798673757129
2 0.9179258877438906 0.39145711315021553 0.07449296935695088 0.17813854619085973
2 0.7117098291200292 0.4746091657290058 0.0588115813356201 0.12375770403504617
2 0.698537557904711 0.05947837930994675 0.06301240857387867 0.06881355095052136
2 0.39570269784521855 0.05124187735571084 0.07330128468718336 0.1016002740673577
2 0.5368730711505341 0.4684536772765398 0.04931342107213382 0.11968629346202896
2 0.5527878632934087 0.7048927380427236 0.05426779856162994 0.07695116409797265
2 0.6280521315366215 0.7427940576730683 0.03359435149053283 0.06431739088785776
2 0.6823199300982514 0.7582991429763911 0.04651525590996854 0.07235706474883997
