3 0.5335202946090246 0.40761146475179844 0.08608552569449031 0.09257110188502374
3 0.5375096238485255 0.2885381522464653 0.04451251572495608 0.1440824408371742
3 0.40712317179582924 0.2915486125411134 0.02943519645847779 0.04077602972602989
2 0.4529330522386196 0.5489614956949247 0.06410744739377386 0.098395419602314
2 0.3695137340461002 0.6232889709340828 0.06609836190910848 0.12387912539859677
3 0.7432104222059414 0.1674893764952523 0.03133319321713159 0.141842817404472
2 0.7911792798630968 0.17351913189098897 0.05491384378260165 0.10681280986733517
2 0.3220459516230887 0.2897751069704862 0.05962997389569576 0.1112346304908753
3 0.051591325503318276 0.9354775153911988 0.0521912246370778 0.12904496921760228
2 0.6684952924005549 0.4812319068216499 0.09270748920945117 0.14126855498583032
