2 0.4911074258522269 0.79469304803716 0.07684707903459383 0.12467237108708844
2 0.73718605052038 0.8506917711531873 0.0466121626931141 0.10750192476970512
2 0.609235356889203 0.5642136705841791 0.04408560453337301 0.09519823387311241
2 0.23193023432887092 0.5412423295696956 0.06848079342300921 0.1521795409400206
2 0.16361095221110464 0.4088748420728099 0.06621963514960799 0.13897150531126407
2 0.4623422623884582 0.11048808934664132 0.07054813813011897 0.12989815909672697
2 0.28183722764894137 0.3537456498832175 0.0746182230222412 0.13208035628756498
2 0.8838453732207651 0.5257522662999919 0.06391258583921981 0.12962552620912157
2 0.23370685868654334 0.12490207605454515 0.07268008735932582 0.12576346968250754
2 0.3711032836620622 0.7226871668443354 0.04248989722545197 0.0839306611860782
