3 0.5693822648251685 0.4944715268834317 0.05459082117211587 0.144605019638138
3 0.6283403516910537 0.48767800247090176 0.04803992263146192 0.18536616611331788
2 0.6791098153811216 0.14703127835689872 0.07315170037063524 0.11548991501300955
2 0.4940469316076486 0.3265744235451909 0.06223353613621207 0.11548991501300958
2 0.5003248760424419 0.7317596295782286 0.08789122208710651 0.1746906277507709
3 0.6681916511466983 0.9126546861246144 0.0578662704424427 0.14363451615063383
3 0.037101454118665396 0.5792174836906558 0.03137933930434387 0.06480961581812203
3 0.15828107913808748 0.36260569862797354 0.08767756570331374 0.19688997210568698
2 0.2475736476046822 0.7034046288668009 0.07106497430689636 0.09934739842499468
2 0.37310726624173035 0.13363086481789727 0.057530326927537484 0.1269119945197907
