3 0.27484378813192173 0.2911510462512845 0.09952326629070353 0.10152959561583255
3 0.3212459861282202 0.17991641576040915 0.029395057554216245 0.03135472805783067
2 0.21878321408209506 0.11198117163510943 0.06298940904474903 0.09854343103889632
2 0.22949141361970246 0.5203391775311418 0.06172962086385411 0.11496733621204562
2 0.20618533227314526 0.8114983610808989 0.0596299738956958 0.09481072531772597
2 0.2714843529828685 0.8238162899607611 0.0482918802676409 0.13437740596213132
2 0.44577671001324937 0.1422652651902565 0.029676173582674322 0.0689907625169865
2 0.5796560990886818 0.5372210556742962 0.05232966289871463 0.10796133470461833
2 0.6211223130853744 0.03734068656229841 0.05354900655362584 0.06811597768507181
2 0.5049856431383009 0.8401561124800733 0.043579381769694336 0.08664906316781341
3 0.6922021011362716 0.845749910561544 0.01748234994530492 0.033718578510860624
2 0.7044892244468869 0.7550322736684072 0.0404073182698086 0.07629194804891327
