2 0.3275865092211721 0.34572941530462886 0.0730223797644718 0.13793116177733558
2 0.39198819137456054 0.48320982165131965 0.0547667848233538 0.12080245541282984
2 0.6565046930993185 0.32932686210850826 0.0529757081196864 0.12748625693843235
2 0.6076055303239641 0.1495953600561334 0.05879011510843249 0.13495166838077294
2 0.7300041488524226 0.5153431724451758 0.042239087066006535 0.08165710577909202
2 0.7294185707830255 0.06689861716972892 0.08401221691082228 0.12135097998229895
2 0.5277017374711029 0.2707060322682054 0.07701119883492055 0.12912988895552321
2 0.21755572816224875 0.722996385069758 0.08366285611584623 0.12289215758929956
2 0.21101452029990939 0.1280318062361418 0.07348764388554059 0.11422079506781163
2 0.4017791194305876 0.23300588414874204 0.07021382669660753 0.15395031631256167
2 0.8169726353103954 0.45016430997314005 0.06424919722564411 0.10899500705817325
2 0.4162963738119697 0.6783867161836517 0.05275764192475443 0.11606681223445975
