2 0.4897063342954891 0.7989630779323801 0.10699807034933016 0.14243871608378442
2 0.6076070516235424 0.7913002356114169 0.05070998594754982 0.13612814005475599
2 0.6077591815813852 0.5584859785690159 0.05223128552597643 0.10908281421606283
2 0.7325057470123579 0.8453908872888034 0.06947268074814332 0.14694627039023317
2 0.4535237451221933 0.12030797670541248 0.07623333607467067 0.13839724289262245
2 0.2221426492311484 0.5404957884254616 0.06970827934285566 0.13587048825059944
2 0.28198258782366 0.35871301980446724 0.090284819630807 0.1396031939717698
2 0.2297013783165183 0.11272771277934351 0.08650545508812207 0.13288432367366323
2 0.33409582557334916 0.9291532454121874 0.08516168102850077 0.10869639060047973
2 0.8979873456050265 0.6311653876361478 0.058193815369475745 0.20943465260342392
