2 0.3877300960401637 0.6141988138648763 0.07849449434807192 0.11542674614695905
2 0.43834168242935634 0.059149029120083456 0.05555988900357356 0.10221871051820247
2 0.4929325036014723 0.079248213772539 0.03101017060664567 0.07580263926068949
3 0.8827999271973078 0.2933434989858106 0.04157300996953424 0.1634925105872598
2 0.6723069592042884 0.8424798185666126 0.07222785570464567 0.13437740596213132
2 0.8933997849513576 0.9104150626919122 0.0667687735874341 0.15080131113528084
2 0.7476842853611714 0.6073112208344102 0.07264778509827707 0.11720695964474785
2 0.5524389597150424 0.49923287535634503 0.05407323823648753 0.11149121285873712
3 0.13072135721037564 0.5821693911937353 0.03589109863236599 0.0312454008712465
2 0.19055583294503606 0.9263266337351661 0.05476167626381621 0.09143390991796324
2 0.18303001447093956 0.11091016308990057 0.03855493360383225 0.0749443886413929
3 0.277841428723435 0.40042783586266284 0.06843718502627595 0.045624790017517326
