2 0.2675885000263903 0.5639051644414631 0.06424919722564408 0.1590132637218555
3 0.32166591552185186 0.17618371003923886 0.06718870298106562 0.2030591912316651
2 0.43840628695145356 0.06532235012048052 0.056270538746642416 0.07689373785610848
2 0.6727450715406647 0.48765315403641696 0.07642714964096235 0.09899135572543677
2 0.7263308756950017 0.27756399742622473 0.06277944434793327 0.11840142547552247
2 0.8824606242472531 0.26155068988240404 0.07806487427612581 0.13684099173810377
2 0.3432922792938824 0.9548342607738391 0.032334563309637826 0.06196291497142724
2 0.4188795701475813 0.9044427335380396 0.036533857245954454 0.07764027900034265
2 0.44743476891453426 0.746167873661946 0.028135269373321278 0.08734531387538538
2 0.545488282327527 0.2926441285397527 0.07222785570464545 0.10750192476970505
2 0.15516391094689855 0.08211952586574693 0.07600722024733055 0.11048808934664134
2 0.2488081657267588 0.07614719671187442 0.0583701857148008 0.12541891223132257
