2 0.5474116654248468 0.7382371760232188 0.06454113563950833 0.1318085267789408
2 0.6345685452768393 0.6251509353205593 0.03882126110645771 0.07911541558822811
2 0.6421289083015296 0.513127996847054 0.05838970166418442 0.0824820290175144
2 0.5016968719399388 0.3533645449930239 0.0457493937096978 0.08820540383466004
2 0.48230170692547647 0.290676899000584 0.05348168560429457 0.08877816619722272
2 0.5362666607731834 0.05383966208089634 0.058314368038417684 0.10309722526129088
2 0.7318678816499999 0.19171628936709403 0.0492367214033122 0.08865415363787262
2 0.3519731870510969 0.6765642793316878 0.06605926788277725 0.12983905792280837
2 0.34905533501838065 0.45781540052923103 0.040545031924818176 0.06992197122363869
2 0.24800688975114787 0.29487820534136006 0.06124938176580809 0.09504078763403498
2 0.31244265553945466 0.16773754903622723 0.054876613720810784 0.09504078763403494
