2 0.4786285393015434 0.7420438668811434 0.059904677707363164 0.11087380227116213
2 0.3986122903609815 0.8446307902384369 0.05703253562550316 0.12400359464537872
2 0.4816992577290708 0.900067691374018 0.05087794545008926 0.1342156553808806
2 0.7920957555757847 0.30089107524246334 0.057853147648891934 0.14078055156798888
2 0.19932764693297805 0.660741414726039 0.05586474159221954 0.10941493645180479
2 0.1808502651544736 0.5560523180704544 0.056811601619206335 0.08640974468501518
2 0.2681191976417545 0.49489217410508657 0.033140100944537065 0.0785543133500137
2 0.17501129498805515 0.3708885794597077 0.04387118125038713 0.06508785963286848
2 0.16749953781076424 0.9629672522778506 0.0616721478313468 0.07406549544429865
2 0.2728534977766883 0.9553923720619565 0.04576490130436067 0.08584864244680077
