2 0.63782069517874 0.5346743227944863 0.0709829400231083 0.10066174153566053
2 0.7243952636462305 0.5240975456041452 0.057853147648891795 0.11889756427762797
2 0.6928017007457719 0.17652276414224513 0.06441804383600015 0.11670926554859185
2 0.8134316681838866 0.2965144777843911 0.055391311578726316 0.12765075919377228
2 0.674748236231224 0.7079146388431772 0.052108863485172206 0.09117911370983749
2 0.5645810720913131 0.7560572108819714 0.05580161759042049 0.08826138207112251
2 0.2609546234375546 0.8183712054900038 0.04513366128636953 0.10649720481309004
2 0.31642799496646506 0.9649872203354224 0.049400841303680706 0.07002555932915527
2 0.42815432320296887 0.875996405354621 0.04390274325128672 0.10212060735501793
2 0.21602611515703224 0.10613248835825068 0.057853147648891795 0.08826138207112257
2 0.2995233885368158 0.08862609852596194 0.05251916949686631 0.0853436504324078
