2 0.47437687352037317 0.42166833201810944 0.03345572095353269 0.07687100663537053
2 0.41582936185169106 0.36668031267309986 0.055864741592219574 0.10155950511680349
2 0.4750081135383644 0.17506389832288774 0.052392921493268074 0.10773162973716169
2 0.5094441494885446 0.8577314054632204 0.06318712580091727 0.135674521200238
2 0.3925889961058624 0.9369478197325836 0.048580229280292216 0.10737252486121761
2 0.4425642695823789 0.7742113373050095 0.04595427330975809 0.09263797952919461
2 0.7043712752439126 0.494992093980203 0.04267182521620398 0.11087380227116221
2 0.7672722418682816 0.34173931818447045 0.055801617590420564 0.12181529591634273
2 0.8920052694233391 0.32386821189734233 0.05251916949686631 0.15463977685188418
2 0.882568231154371 0.07950818715497818 0.053339781520254946 0.12254472882602141
2 0.19991870278934143 0.7322608585831145 0.06236651377752875 0.07294329096786996
2 0.2686449597481314 0.6578587017958872 0.05128825146178358 0.10795607063244744
2 0.19838295665417868 0.4883553330298889 0.042261519204509594 0.09409684534855224
2 0.09712186553749454 0.5719723532786785 0.057442841637197546 0.11306210100019819
2 0.10565379801127406 0.8125882613820707 0.052929475508560614 0.12983905792280837
2 0.30424693721551777 0.8120716139953228 0.06154590175414025 0.10212060735501793
