2 0.526596389363691 0.6182761708387549 0.04800580336822939 0.11816813136794935
2 0.6312244223457294 0.7050786870905199 0.04800580336822932 0.10357947317437535
2 0.5249551653169139 0.7732806641454784 0.04390274325128672 0.11743869845827064
2 0.4523623778929307 0.35924570801675926 0.06523865585938865 0.09847344280662433
2 0.4390274325128671 0.46027216600725906 0.05087794545008926 0.08169648588401429
2 0.53688541630195 0.3282448093554145 0.05539131157872618 0.09628514407758829
2 0.5184216457757078 0.1794404957809599 0.06277681978922295 0.11670926554859182
2 0.45502936696894347 0.1969468856132487 0.0492367214033122 0.10795607063244747
2 0.60561167326074 0.05762519986461721 0.05416039354364344 0.09482627825823085
2 0.5658119901263959 0.959516473512832 0.03118325688876439 0.06491952896140418
2 0.2953275348080181 0.5693773743189496 0.052708541502263666 0.09202076706715893
2 0.30085088496544093 0.45771802891428726 0.06249276178112705 0.0875319491614438
2 0.3555459401335331 0.2755011989632624 0.04387118125038718 0.10885383421359048
