2 0.5429181894109796 0.7054106795105473 0.05744815304187981 0.12177044405458247
2 0.42257535650998046 0.5484580081006805 0.08285791304117254 0.1384647791265818
2 0.512614288681388 0.46695037216091945 0.08175314086729031 0.1188243849242297
2 0.699618224729696 0.5140495482577137 0.07350984080063014 0.10953296766696326
2 0.692819626736574 0.6534208071167117 0.06331194381094718 0.11482076610605788
2 0.6350315437950382 0.7319823839261198 0.06331194381094725 0.12086396432216631
2 0.6001887290802888 0.8916001319985569 0.06076246956352648 0.12161936409917985
2 0.6702992708843578 0.2964944124778143 0.07775896454633113 0.12313016365320696
2 0.21625915303746054 0.32062943535339683 0.06573394434599691 0.11489630608375939
2 0.26845963825339936 0.19984101100893192 0.07181019130234961 0.15024901564799303
