2 0.37745097955899526 0.5949779544775943 0.07053545417863923 0.08762637413357062
2 0.4331981658742332 0.9678955094769245 0.054813696319544934 0.06420898104615105
2 0.5904157444651761 0.957319912598735 0.049714747824703524 0.08536017480253008
2 0.4973599344343207 0.7482234791319108 0.07605931504805084 0.0959357716807196
2 0.4331981658742332 0.296872112366321 0.07350984080063007 0.09971277056578717
2 0.6034331475163193 0.4614066766327947 0.08668212441230373 0.08611557457954355
2 0.6900576963018685 0.2262422332155551 0.07988352641918184 0.11708696543709862
2 0.5334774862727807 0.26552302162025915 0.053114046821264436 0.13219496097736944
2 0.6280204896146313 0.3119801079065918 0.05778808294153563 0.1057559687818955
2 0.6909075210510085 0.09366957234967888 0.0594877324398162 0.114820766106058
2 0.2107565377867775 0.19829244146605413 0.05778808294153578 0.12464096320723402
