2 0.41618045525250535 0.6463950699616278 0.042720912717647434 0.0930738839164433
2 0.358619095769527 0.4407259100417153 0.05477040092006071 0.08264142659833631
2 0.7210894266712845 0.49715521598440804 0.03913688111545326 0.07911541558822818
2 0.733816520914749 0.15346146215163398 0.0542866415472416 0.11053714092823361
2 0.2362415767331998 0.20227735687628537 0.06217714177213136 0.118392572263235
2 0.27613415833511135 0.3381113595809414 0.05526494542248603 0.0975712139872856
2 0.5822251147337347 0.29914227968648655 0.05485716082690033 0.10582374287175135
2 0.22103042419265367 0.621408355752915 0.06236651377752878 0.1079560706324473
2 0.7366031922373648 0.6574228656323544 0.06646957389447138 0.11962699718730675
2 0.5656068371205488 0.7986765169286789 0.054570699555337755 0.07586102260658478
