2 0.5161878285202331 0.7454797147156029 0.04882641539161796 0.09263797952919461
2 0.6513607935646507 0.4868964672105316 0.06031498371905755 0.08680251625176524
2 0.4404635035537969 0.916844648296628 0.04226151920450967 0.12546246046473628
2 0.6125868754595425 0.8077944282996625 0.05087794545008926 0.07950818715497804
2 0.7115040357024982 0.7087471560776422 0.0624075443786981 0.12706721286602943
2 0.7165713149469224 0.5039223950398635 0.05547337278106511 0.1062054316492187
2 0.6624314367038637 0.6357309218188043 0.04320522303140649 0.14223941738734644
2 0.8913744582004856 0.6563822833302957 0.04764219432972922 0.11044519361060821
2 0.9488186712343478 0.9225625285815194 0.04791443544018506 0.14325932212418935
2 0.11094674556213015 0.1356015779092702 0.07040851160673645 0.13086026399635864
