2 0.43256746843665894 0.5642698966738953 0.06739110260682032 0.10114803014211304
2 0.5998912904180898 0.45025603708892026 0.05302906434635041 0.09918399072187768
2 0.41428956520586313 0.36923941100421814 0.08617222956281957 0.12962660173552348
2 0.4772615791171543 0.17038041970540388 0.049714747824703524 0.11293226666352417
2 0.2838564231284224 0.6585074534243212 0.05948773243981627 0.07856157680940803
2 0.20291061577281533 0.7321589316831413 0.055663521068685176 0.061187381938096766
2 0.3244205979842835 0.22510913355003473 0.07350984080063004 0.07553997770135393
2 0.5111768101182173 0.869836159322785 0.05991264481438634 0.12086396432216631
2 0.4544510081131069 0.7863644839627888 0.07733405217176113 0.10802216811293619
2 0.6173976802503784 0.8411376517045762 0.046740361202712674 0.06874137970823199
