2 0.10796244784422811 0.5577190542420027 0.13612656467315717 0.20862308762169668
2 0.25895340751043117 0.49304589707927676 0.16898470097357443 0.2712100139082058
2 0.42050591098748263 0.573018080667594 0.10874478442280947 0.19193324061196115
2 0.5652381780250348 0.6627260083449236 0.07119262865090406 0.15994436717663413
2 0.5765820584144645 0.8157162726008345 0.0719749652294854 0.14325452016689838
2 0.43224095966620313 0.8803894297635605 0.09622739916550764 0.13351877607788595
2 0.12791203059805287 0.7920723226703754 0.1103094575799722 0.1460361613351877
2 0.438499652294854 0.14534075104311545 0.17915507649513215 0.1905424200278164
2 0.3790420723226704 0.3268428372739916 0.0618045897079277 0.10292072322670372
2 0.6376043115438109 0.41307371349095967 0.20340751043115446 0.23643949930458974
2 0.7893776077885954 0.6286509040333798 0.11422114047287905 0.15855354659248952
2 0.7217054937413073 0.9262865090403338 0.08214534075104311 0.14742698191933243
2 0.9356745479833102 0.41794158553546595 0.10952712100139081 0.19610570236439503
2 0.7056675938803895 0.11265646731571628 0.08292767732962446 0.12239221140472883
2 0.8672200973574408 0.13073713490959665 0.1306502086230877 0.2308762169680111
2 0.4858310152990265 0.3664812239221141 0.05006954102920723 0.10152990264255905
