2 0.23078929068150209 0.8240611961057023 0.08762169680111268 0.11821974965229487
2 0.38882127955493745 0.7642559109874826 0.07666898470097351 0.11821974965229487
2 0.4819193324061196 0.7114047287899862 0.07666898470097358 0.11543810848400554
2 0.5793202364394994 0.5125173852573018 0.09153337969401953 0.14881780250347704
2 0.4647079276773296 0.5591098748261474 0.06728094575799723 0.11961057023643945
2 0.402903337969402 0.49026425591098743 0.07666898470097351 0.11543810848400561
2 0.32349617524339364 0.5744089012517385 0.0758866481223922 0.11961057023643953
2 0.157249652294854 0.71557719054242 0.046940194714881776 0.08205841446453405
2 0.07940716272600834 0.7656467315716273 0.05085187760778861 0.054242002781641076
2 0.05515472878998609 0.9367176634214186 0.11030945757997218 0.12656467315716255
2 0.11500347705146037 0.648817802503477 0.10170375521557722 0.13490959666203067
2 0.18736961057023646 0.4694019471488178 0.07275730180806676 0.10987482614742689
2 0.09035987482614743 0.4082058414464534 0.09153337969401949 0.12934631432545196
2 0.09119544732575652 0.1703549472887228 0.06295726312844104 0.1645941519697805
2 0.18678864464945563 0.3127288887425829 0.060642657866366 0.07900519294549468
2 0.21919311831850613 0.0860004444042103 0.11526734205133693 0.14401988297355792
2 0.4029727761272642 0.15266107595197143 0.10415723679337681 0.19998189464328334
2 0.49856597345096326 0.1880488186254742 0.07406736838640114 0.12920640929627772
2 0.5825861444642871 0.20245080692282996 0.06342018418085602 0.1794076256470607
2 0.4724109339895153 0.3773320933907218 0.08934376311609654 0.14895770753265145
2 0.31177732880150766 0.3785665495304951 0.07545613154364628 0.13990502917431333
2 0.7307023643949929 0.67663421418637 0.09544506258692635 0.1877607788595271
2 0.777989749899186 0.49077861263589306 0.07638197364847628 0.13661314613491782
2 0.6092041049781501 0.831290994230975 0.08425163153953143 0.12509155549703307
2 0.7987702759420958 0.7913769123783032 0.11156397363201691 0.1868143624857008
2 0.7156759470336018 0.9308704561726922 0.08980668416851145 0.12838343853642883
2 0.5652266049987245 0.9769568187242307 0.063883105233271 0.04608636255153868
2 0.4728738550419303 0.9312819415526167 0.06342018418085602 0.1061632280205086
