2 0.12986787204450626 0.6105702364394994 0.09700973574408903 0.21140472878998623
2 0.2761648122392211 0.5166898470097357 0.1924547983310153 0.2545201668984701
2 0.40916203059805284 0.584144645340751 0.08918636995827534 0.1780250347705146
2 0.5319888734353269 0.6439499304589709 0.07510431154381081 0.12795549374130735
2 0.578537899860918 0.7948539638386649 0.10561543810848391 0.17385257301808069
2 0.45297287899860916 0.8636995827538247 0.09544506258692621 0.13073713490959676
2 0.1545114742698192 0.803894297635605 0.09622739916550767 0.11682892906815028
3 0.4521905424200278 0.1655076495132128 0.19871349095966623 0.219749652294854
3 0.3835254627153097 0.32812667165935594 0.04092222103348668 0.07382047715844657
2 0.6477746870653687 0.38595271210013904 0.1815020862308763 0.23504867872044508
2 0.7964186369958276 0.6314325452016689 0.13612656467315717 0.14742698191933237
2 0.7080146036161336 0.13212795549374132 0.08449235048678716 0.11682892906815022
2 0.9161161335187762 0.3894297635605007 0.08762169680111256 0.21418636995827536
