2 0.09857440890125176 0.8150208623087621 0.10326842837273993 0.1585535465924896
2 0.11109179415855355 0.6203059805285118 0.08449235048678722 0.1474269819193323
2 0.25266159822187667 0.500571964678095 0.08439406878642827 0.15826360766325032
2 0.33598738765657804 0.5192470703823584 0.0722869028001897 0.15383222664867943
2 0.24995653685674546 0.7399165507649513 0.1103094575799722 0.1446453407510431
2 0.32897253129346316 0.9221140472878999 0.12595618915159945 0.15577190542420027
2 0.6666896412670458 0.6722189760597805 0.08332578943470131 0.14813473677280242
2 0.6370626939124853 0.4751174790759684 0.0999909473216416 0.16377118120993167
2 0.759538378065713 0.6745703210879203 0.08729368416968711 0.18693192973710793
2 0.8613638153864964 0.5466877190424853 0.08795499995885166 0.1951616373355968
2 0.7674569733251663 0.456160935459106 0.07737394733222289 0.14813473677280237
2 0.7251327628186514 0.1922224560504222 0.11176236836876625 0.23160748527176253
2 0.8034986838346204 0.9041826901033063 0.08597105259135844 0.17752654962454897
2 0.9615785813630042 0.44089012517385257 0.07684283727399162 0.20027816411682892
2 0.9557110570236439 0.821279554937413 0.08857788595271217 0.21835883171070933
2 0.11070062586926287 0.36995827538247567 0.10248609179415853 0.12239221140472878
2 0.12556502086230878 0.0890125173852573 0.11343880389429765 0.1780250347705146
2 0.22648643949930458 0.1787204450625869 0.10248609179415852 0.16550764951321276
2 0.33249304589707934 0.1634214186369958 0.07823365785813628 0.2239221140472879
2 0.45062586926286513 0.09735744089012519 0.09388038942976358 0.1223922114047288
