2 0.06023991655076495 0.9151599443671766 0.08292767732962447 0.16968011126564675
2 0.03481397774687066 0.6432545201668985 0.06962795549374132 0.1488178025034771
2 0.046549026425591104 0.27399165507649514 0.07745132127955495 0.1446453407510431
2 0.19871349095966623 0.5771905424200279 0.08918636995827538 0.15855354659248952
2 0.2405684979137691 0.8609179415855356 0.11500347705146037 0.21140472878998617
2 0.3371870653685674 0.7079276773296245 0.08762169680111263 0.14464534075104304
2 0.3520514603616134 0.5305980528511821 0.07979833101529905 0.15716272600834486
2 0.2961143949930459 0.2851182197496523 0.10718011126564676 0.16968011126564675
2 0.4122913769123784 0.22600834492350486 0.07666898470097358 0.13212795549374134
2 0.5902729485396384 0.2385257301808067 0.11343880389429778 0.1432545201668985
2 0.27733831710709317 0.09040333796940196 0.07275730180806679 0.11126564673157163
2 0.11695931849791379 0.14881780250347704 0.08214534075104313 0.1112656467315716
2 0.15685848400556326 0.3518776077885953 0.0930980528511822 0.14742698191933237
2 0.4787899860917942 0.3588317107093185 0.07197496522948534 0.09735744089012517
2 0.43928198887343534 0.46036161335187764 0.04928720445062581 0.09735744089012527
2 0.37513038942976357 0.3936022253129346 0.0445931849791377 0.07788595271210014
2 0.3031554242002782 0.4415855354659249 0.06493393602225311 0.09874826147426986
2 0.41581189151599446 0.9471488178025035 0.11656815020862311 0.10570236439499298
2 0.5570236439499305 0.9304589707927677 0.08762169680111263 0.1390820584144646
2 0.7506519471488179 0.8296244784422809 0.07588664812239215 0.17663421418637001
2 0.6501216968011128 0.7121001390820584 0.0844923504867873 0.1557719054242002
2 0.5601529902642559 0.7385257301808068 0.06571627260083446 0.10570236439499311
2 0.6755476356050071 0.4617524339360223 0.07432197496522953 0.16411682892906818
2 0.676721140472879 0.12030598052851184 0.05945757997218351 0.18776077885952716
2 0.7228789986091795 0.21488178025034765 0.05789290681502094 0.1349095966620306
2 0.7756867176634213 0.45897079276773295 0.057110570236439596 0.12517385257301805
2 0.7960274687065368 0.633518776077886 0.055545897079276756 0.12934631432545196
2 0.8676112656467316 0.6849791376912379 0.07979833101529892 0.13769123783031995
2 0.8918636995827538 0.9394993045897079 0.06571627260083446 0.1210013908205842
2 0.9388038942976357 0.4756606397774687 0.10639777468706527 0.18080667593880392
2 0.9271557719054242 0.09944367176634214 0.14568845618915163 0.1905424200278164
2 0.8106459814021266 0.08134749433891074 0.04308726718632002 0.1031878721964393
2 0.7365786130157255 0.04368075571505713 0.0608919230484355 0.07976485826227823
2 0.7730781575330627 0.15984624373988296 0.03845805666217004 0.08926067472207323
2 0.3661335187760779 0.06606397774687066 0.09700973574408903 0.13212795549374132
