3 0.5092409329196532 0.49320637637744724 0.13299721835883177 0.2931421846581791
3 0.6813549802075533 0.5702364394993046 0.13781159730394762 0.18401626190221465
3 0.7696988338504331 0.952391141542741 0.07582646838557836 0.09521771691451804
3 0.8473306943404298 0.7694447416283299 0.027682678934417452 0.09735744089012513
3 0.7140557233501493 0.11398145023907301 0.12915497362378717 0.17529277184781622
2 0.21279554937413075 0.9019471488178025 0.11265646731571623 0.1404728789986092
2 0.4099443671766342 0.7837273991655076 0.10796244784422811 0.157162726008345
2 0.5448974269819193 0.8755215577190544 0.07588664812239215 0.13769123783031986
2 0.5926199582753826 0.721835883171071 0.07119262865090406 0.09457579972183595
2 0.6415159944367177 0.8956884561891516 0.08136300417246183 0.15855354659248974
2 0.9172896383866481 0.8484005563282336 0.06962795549374136 0.14186369958275377
2 0.8957753824756607 0.5723226703755215 0.10952712100139081 0.14325452016689852
2 0.9270688456189151 0.28789986091794156 0.10170375521557716 0.1335187760778859
2 0.6329102920723227 0.31154381084840055 0.11578581363004169 0.1613351877607788
2 0.5120392906815021 0.20792767732962447 0.09153337969401946 0.15994436717663418
2 0.268665491190098 0.28343112969196205 0.09351005258783154 0.10863214030005519
2 0.3061620964357137 0.5459588020837619 0.11202689468443186 0.14155097069401124
2 0.19367228069886677 0.4163409074075598 0.06758647365259111 0.09957946194171718
2 0.2978896972290574 0.07735925142579682 0.11156397363201688 0.12509155549703316
2 0.10483310152990265 0.7364394993045897 0.09700973574408903 0.13212795549374134
2 0.06023991655076495 0.5910987482614743 0.1204798331015299 0.15577190542420027
2 0.037160987482614746 0.3011126564673157 0.07119262865090403 0.1543810848400556
2 0.9020340751043117 0.12030598052851182 0.10952712100139095 0.18497913769123783
2 0.8099220440947734 0.36133354181925914 0.07591905259606137 0.17776168412736293
