3 0.38688169578964227 0.5771337307347949 0.01987831449143954 0.023412237067695615
2 0.40432593095559954 0.674400443495041 0.046146087212270356 0.09375712957413668
2 0.5164291682882162 0.9315795041309481 0.07642714964096214 0.13684099173810382
2 0.6699973475393142 0.14408244083717417 0.06592891480017066 0.13587048825059947
2 0.5548092545385783 0.31099457522599955 0.05821146315872596 0.1418946089367339
0 0.5735944173549882 0.4216102153815845 0.05145319473430718 0.05990794504276145
2 0.32562941296722664 0.6334204553626293 0.09024981036137233 0.15518364477438154
2 0.2883185540028267 0.41886432932746187 0.07508488321048595 0.13151156336811995
2 0.3678419524769867 0.42675502312954905 0.07286562557864898 0.1604441073091062
2 0.3055178006495636 0.1449914986133522 0.07767401711429578 0.1216481961155109
2 0.3263262040990066 0.9000754038280363 0.07912023160272125 0.15275097503994473
