2 0.044593184979137696 0.9394993045897079 0.08918636995827539 0.10152990264255905
2 0.05163421418636996 0.7385257301808068 0.10326842837273992 0.12795549374130744
2 0.07706015299026427 0.3956884561891516 0.1353442280945758 0.16272600834492348
2 0.07471314325452016 0.21696801112656466 0.10092141863699582 0.12239221140472878
2 0.03989916550764952 0.059805285118219746 0.07666898470097358 0.11961057023643949
2 0.2624739221140473 0.2378303198887344 0.09153337969401942 0.1668984700973575
2 0.21670723226703756 0.648817802503477 0.06884561891515997 0.17663421418636993
2 0.2988525730180807 0.6571627260083449 0.07510431154381088 0.1404728789986091
2 0.2609092489568845 0.849095966620306 0.09935674547983307 0.10152990264255919
2 0.4122913769123784 0.7461752433936023 0.07823365785813628 0.1265646731571627
2 0.5269036856745479 0.7573018080667593 0.10718011126564683 0.15438108484005567
2 0.5570236439499305 0.9304589707927677 0.10639777468706534 0.1390820584144646
2 0.3360135605006955 0.9248956884561892 0.08214534075104314 0.10570236439499298
2 0.4420201668984701 0.4019471488178025 0.1236091794158554 0.18358831710709314
2 0.29024687065368565 0.46592489568845624 0.09857440890125176 0.17524339360222535
2 0.3547896383866481 0.16968011126564675 0.08996870653685672 0.17524339360222535
2 0.45649339360222535 0.17593880389429764 0.08371001390820582 0.15159944367176637
2 0.6458188456189151 0.325452016689847 0.08527468706536866 0.24756606397774686
2 0.6763299721835884 0.11265646731571628 0.1384735744089012 0.1251738525730181
2 0.745566759388039 0.286509040333797 0.09075104311543811 0.16133518776077893
2 0.8144123783031989 0.6404728789986092 0.136126564673157 0.20723226703755215
2 0.7991568150208623 0.4624478442280946 0.12282684283727406 0.13212795549374134
2 0.8887343532684284 0.1599443671766342 0.19089012517385257 0.21974965229485396
2 0.9373261474269818 0.44506258692628653 0.12534770514603608 0.23643949930458974
2 0.9501477746870655 0.8066759388038943 0.08996870653685676 0.3365785813630043
2 0.6468137653474195 0.7997480882628258 0.09156680157659508 0.15761763375442087
2 0.7885242915969117 0.8753270355958885 0.10755465582012733 0.1925002248312191
2 0.5991811738087501 0.5755627527671681 0.10392105258296098 0.14082231212485155
