2 0.08723052851182198 0.5375521557719054 0.122826842837274 0.21279554937413075
2 0.28839981565454975 0.18969476014517198 0.09165836837817153 0.16541712272962936
2 0.26455938145517693 0.3703368419320061 0.14582013151072742 0.1613022689303849
2 0.37010538140579863 0.4921365143896437 0.08378871048711631 0.16788603500917618
2 0.391399749816889 0.6332759997037304 0.11711902626099688 0.134144233855371
2 0.3874649208713615 0.9065928187571495 0.18146505254668305 0.1868143624857008
2 0.4652356576770827 0.4818493798915325 0.07962242101538138 0.22960884199784387
2 0.6186939865526578 0.5781369587938541 0.11156397363201684 0.2230250759190526
2 0.6029546707705475 0.8316119528273159 0.10045386837405665 0.15718741513114054
2 0.7111578375620314 0.7635440412802135 0.07267860522915612 0.17858465488721195
2 0.7316467233419196 0.5600316020771782 0.06527186839051609 0.14731176601295354
2 0.576568170782892 0.27692966068915564 0.06990107891466636 0.17693871336751404
2 0.4728738550419304 0.23660409345655942 0.08286286838228647 0.1621252396902338
2 0.574716486573232 0.08970381282353036 0.08378871048711645 0.1645941519697805
2 0.7999275785731331 0.18352247944630526 0.11110105257960172 0.1662400934894783
2 0.8621573943334934 0.7175129353368359 0.09390684206133017 0.13520233911803387
