3 0.7010707878299084 0.44440421031840743 0.15276394729695247 0.21068051452131903
3 0.6552647496934434 0.06501469002806329 0.08841792101126636 0.12179967245763755
3 0.9557110570236439 0.07162726008344923 0.08857788595271217 0.14325452016689846
2 0.5836230876216968 0.9346314325452016 0.06571627260083446 0.11682892906815014
2 0.5657265597353326 0.8149632543555728 0.06758647365259109 0.10204837422126403
2 0.5458209544814874 0.6121009620528183 0.0851774736443614 0.14401988297355778
2 0.44883899400054317 0.7326661783706825 0.0976763420595666 0.1250915554970332
2 0.41643452033149264 0.8738056636847692 0.0893437631160964 0.11768481865839306
2 0.33608068405329555 0.9321049123124655 0.062957263128441 0.11274699409929965
2 0.3089998024870176 0.6312185728041082 0.0763819736484763 0.12509155549703307
2 0.44417274979219984 0.4978973097085859 0.056013447342215986 0.12509155549703307
2 0.5707816576277044 0.3962604208672465 0.0703639999670812 0.13743611689476665
2 0.45505139452395255 0.22919735661791932 0.0907325262733415 0.11768481865839302
2 0.6055007365588301 0.25018311099406637 0.09351005258783161 0.12673749701673098
2 0.5673097497345918 0.06954102920723225 0.05323592102772587 0.09628757890232159
2 0.427276131379052 0.05225864325040531 0.10832352626511181 0.10451728650081062
2 0.3293636995827538 0.32406119610570244 0.09075104311543804 0.13908205841446453
2 0.2189178583388778 0.5147663111221965 0.07620392708985517 0.09875649118186836
2 0.24954186642171677 0.3954355509441057 0.08403797566918605 0.11964728739341737
2 0.23822148817802502 0.0799721835883171 0.08840403337969399 0.12100139082058416
2 0.06023991655076495 0.25521557719054244 0.07666898470097357 0.14881780250347706
2 0.10991828929068152 0.5549374130737135 0.08371001390820584 0.16689847009735742
2 0.01838490959666203 0.49304589707927676 0.03676981919332406 0.1627260083449235
2 0.20852278806034022 0.8363111158660533 0.08605702364394993 0.11982454263400044
2 0.29909329196533646 0.7844228094575798 0.07582646838557824 0.09949716486573237
2 0.17722932491708568 0.9614849684390713 0.089667807852787 0.07703006312185749
