3 0.6305632823365787 0.439499304589708 0.10013908205841439 0.15855354659248952
3 0.7737308762169681 0.3184979137691238 0.13925591098748258 0.13351877607788595
3 0.1873719251754985 0.7364271547431919 0.05879097365670598 0.13661314613491782
2 0.4326321279554938 0.8574408901251739 0.07979833101529898 0.13212795549374134
2 0.5922287899860917 0.9012517385257298 0.07823365785813628 0.1029207232267038
2 0.6376043115438108 0.7100139082058413 0.06571627260083453 0.08484005563282337
2 0.7013647426981919 0.6856745479833103 0.08371001390820582 0.19193324061196107
2 0.8124565368567456 0.7670375521557719 0.05711057023643946 0.14881780250347704
2 0.8061978442280946 0.6216968011126565 0.07432197496522946 0.08901251738525737
2 0.9290246870653687 0.6682892906815021 0.07588664812239215 0.16550764951321284
2 0.9325452016689847 0.8769123783031989 0.10796244784422811 0.15994436717663418
2 0.6982353963838664 0.8713490959666202 0.09935674547983311 0.14047287899860933
2 0.39507997218358837 0.6710709318497914 0.07979833101529898 0.11543810848400554
2 0.46392559109874826 0.3247566063977747 0.05006954102920723 0.15716272600834494
2 0.3297548678720446 0.541029207232267 0.07275730180806683 0.11961057023643953
2 0.06728094575799723 0.6286509040333798 0.08449235048678722 0.1641168289290681
2 0.04498435326842839 0.4318497913769123 0.08996870653685676 0.1210013908205841
2 0.05359005563282337 0.26564673157162727 0.0868393602225313 0.14742698191933237
2 0.18384909596662033 0.4443671766342142 0.0657162726008345 0.11821974965229487
2 0.1017037552155772 0.14812239221140472 0.0594575799721836 0.10431154381084838
2 0.5928305873542312 0.21536321814485931 0.06258692628650898 0.1273135765486252
2 0.6953768588852037 0.1594094361827324 0.060781534182090556 0.1155450946827859
2 0.5244664063335829 0.11768481865839306 0.04152401840162625 0.12838343853642878
2 0.3743179629827752 0.2321600513533754 0.07943725259441528 0.1412217823900717
2 0.4660920616240504 0.20541350165828606 0.0559671552369744 0.08772868299989306
2 0.7889864394993046 0.13421418636995827 0.08058066759388041 0.14325452016689846
2 0.8985135605006954 0.16828929068150209 0.06806328233657866 0.11404728789986089
2 0.8836491655076495 0.3052851182197497 0.0586752433936023 0.14881780250347704
2 0.30863178025034776 0.7872044506258692 0.08214534075104314 0.11126564673157176
2 0.269313580663479 0.355877245681461 0.06434602628568609 0.10863214030005519
