3 0.38547079941480433 0.8515487360118711 0.10718402828993626 0.29310420139233995
2 0.4974447215057458 0.6445155889410067 0.0894425412225592 0.14807709602401453
2 0.5259545315204366 0.4517172223057125 0.08049828710030311 0.1699408283228623
2 0.349232271152406 0.5394491033733572 0.07869657891055126 0.14813473677280242
2 0.4795862103019479 0.3250734501403164 0.07499321049123125 0.12673749701673095
2 0.4069076050727917 0.2868053098073425 0.0712898420719111 0.11110105257960179
2 0.3305256314243155 0.3049106665240183 0.06110557891878106 0.12756046777657978
2 0.2812245393421171 0.4769115553324388 0.060642657866365975 0.11274699409929965
2 0.23608973673165395 0.3542889121149525 0.0925842104830015 0.12262264321748645
2 0.26733690776966695 0.23084329813761717 0.07545613154364623 0.12097670169778865
2 0.424961526116977 0.1551299882315181 0.06110557891878102 0.13579017537506893
2 0.36524471035544104 0.07571330990609901 0.06943815786225116 0.11850778941824194
2 0.20387506069409356 0.10615499831290993 0.09073252627334152 0.15389553209174475
2 0.12600711046736512 0.5687139435935841 0.13563586835759728 0.12179967245763762
2 0.14753293940466292 0.42757445827949736 0.05555052628980091 0.08641192978413471
3 0.07022975286188082 0.39028565315074354 0.025877286829998923 0.15726971220712524
3 0.09279715416711243 0.4427088905531187 0.04092222103348666 0.04600406547555366
3 0.029367711565208086 0.47587461217502947 0.05717074997325344 0.03637530758532151
2 0.10350914731999572 0.2326949823472772 0.08184444206697336 0.1080560607681609
2 0.07341927891302022 0.07168075318283941 0.07101208944046218 0.14336150636567882
2 0.8734787899860919 0.26008344923504867 0.06962795549374136 0.16133518776077885
2 0.9450625869262865 0.2559109874826147 0.06415159944367176 0.18358831710709322
2 0.9341098748261476 0.5660639777468707 0.06728094575799716 0.1668984700973575
2 0.924721835883171 0.06884561891515995 0.07041029207232256 0.1376912378303199
2 0.8281032684283727 0.0521557719054242 0.07901599443671771 0.1043115438108484
