2 0.08058066759388038 0.8331015299026425 0.06102225312934631 0.11961057023643945
2 0.20223400556328233 0.9471488178025035 0.08527468706536856 0.08623087621696797
2 0.2566063977746871 0.7948539638386649 0.09075104311543815 0.1460361613351877
2 0.4455406815020862 0.7899860917941585 0.10248609179415859 0.15855354659248946
2 0.4146383866481224 0.5417246175243394 0.10326842837273993 0.17663421418637001
2 0.6747652990264257 0.6571627260083449 0.0852746870653685 0.1321279554937413
2 0.575017385257302 0.7649513212795549 0.08605702364394993 0.16968011126564675
2 0.7193584840055633 0.885952712100139 0.09309805285118217 0.1279554937413073
2 0.9161161335187761 0.9012517385257303 0.12673852573018082 0.1974965229485396
2 0.924721835883171 0.5125173852573017 0.10013908205841446 0.26008344923504867
2 0.8730876216968011 0.7030598052851182 0.10013908205841446 0.12656467315716277
2 0.7893776077885952 0.5452016689847009 0.12673852573018082 0.15855354659248952
2 0.8570497218358832 0.19541029207232263 0.1478616133518777 0.2517385257301808
2 0.6982353963838664 0.3268428372739916 0.11969749652294859 0.2058414464534075
2 0.6031815020862309 0.09944367176634214 0.12986787204450637 0.1655076495132128
2 0.4502347009735745 0.29276773296244785 0.10561543810848399 0.17107093184979136
2 0.6102225312934632 0.3748261474269819 0.12673852573018074 0.17941585535465926
2 0.3203668289290682 0.09109874826147428 0.11030945757997217 0.16828929068150209
2 0.3113699582753825 0.39429763560500697 0.1392559109874826 0.19610570236439503
2 0.14121175243393602 0.6627260083449236 0.09779207232267037 0.11543810848400561
2 0.09818324061196107 0.32962447844228093 0.10561543810848402 0.19749652294853967
2 0.05515472878998609 0.11474269819193324 0.11030945757997218 0.13490959666203062
2 0.5468532684283729 0.9235048678720444 0.07979833101529898 0.11961057023643945
