2 0.11656815020862311 0.5890125173852573 0.114221140472879 0.1627260083449236
2 0.11382997218358831 0.9005563282336578 0.08683936022253129 0.1460361613351877
2 0.23743915159944373 0.8630041724617524 0.08214534075104314 0.10709318497913756
2 0.3113699582753825 0.7781641168289292 0.10952712100139081 0.19054242002781635
2 0.3880389429763561 0.9492350486787204 0.08762169680111263 0.08205841446453405
2 0.47996349095966623 0.9680111265646731 0.05711057023643946 0.06397774687065379
2 0.5812760778859527 0.6230876216968011 0.0672809457579973 0.1446453407510431
2 0.4893515299026426 0.5445062586926287 0.07745132127955494 0.17385257301808074
2 0.3563543115438108 0.47774687065368565 0.05711057023643949 0.1404728789986092
2 0.40759735744089015 0.4068150208623088 0.04381084840055635 0.13490959666203062
2 0.21396905424200277 0.2698191933240612 0.06493393602225314 0.0890125173852573
2 0.2569975660639777 0.18150208623087621 0.06962795549374129 0.09596662030598054
2 0.12830319888734354 0.19541029207232266 0.0782336578581363 0.10709318497913768
2 0.10405076495132129 0.04242002781641168 0.08449235048678722 0.08484005563282336
2 0.27147079276773295 0.06536856745479833 0.04850486787204449 0.09457579972183588
2 0.4478876912378303 0.06467315716272601 0.10561543810848399 0.11265646731571627
2 0.46392559109874826 0.262865090403338 0.09231571627260081 0.14742698191933243
2 0.5965316411682893 0.39499304589707934 0.10248609179415852 0.17524339360222535
2 0.6743741307371348 0.13421418636995827 0.10796244784422804 0.17107093184979136
2 0.575017385257302 0.2093184979137691 0.09857440890125169 0.15994436717663424
2 0.867220097357441 0.22531293463143254 0.10561543810848406 0.13908205841446453
2 0.7698191933240612 0.15507649513212796 0.06102225312934621 0.1627260083449235
2 0.8018949930458971 0.4179415855354659 0.10170375521557716 0.21557719054241997
2 0.7592576495132128 0.6815020862308763 0.08996870653685676 0.19471488178025026
2 0.9462360917941587 0.46592489568845624 0.07119262865090406 0.15577190542420027
2 0.9118132823365787 0.6634214186369958 0.0915333796940196 0.18080667593880398
2 0.9286335187760778 0.07440890125173853 0.06728094575799716 0.14881780250347706
