3 0.759949716486573 0.5189900502835134 0.12818283941371575 0.23109018936557185
3 0.696580453621483 0.8684069755001604 0.07522467101743885 0.26318604899967907
3 0.47963250240718946 0.09040333796940195 0.1203594736279021 0.1808066759388039
3 0.6637824970578794 0.1037766128169466 0.12035947362790196 0.1519204022681074
2 0.10444193324061196 0.44645340751043117 0.10092141863699584 0.18915159944367177
2 0.22961578581363007 0.523643949930459 0.08527468706536859 0.14325452016689852
2 0.3457927677329624 0.573018080667594 0.07979833101529905 0.15577190542420033
2 0.3997739916550765 0.36578581363004176 0.11578581363004176 0.16411682892906815
2 0.6356484700973575 0.45132127955493734 0.12282684283727399 0.15994436717663418
2 0.6047461752433937 0.2698191933240612 0.1345618915159944 0.1502086230876217
2 0.54528859527121 0.45549374130737136 0.07353963838664818 0.13769123783031978
2 0.5100834492350487 0.890125173852573 0.08605702364394993 0.15577190542420027
2 0.4604050764951322 0.6710709318497914 0.09779207232267041 0.15438108484005567
2 0.595749304589708 0.6543810848400556 0.07588664812239224 0.10987482614742689
2 0.9024252433936022 0.5528511821974965 0.09622739916550771 0.20723226703755215
2 0.7964186369958276 0.808066759388039 0.06258692628650905 0.13908205841446444
2 0.9337187065368567 0.3358831710709319 0.06806328233657866 0.14325452016689844
2 0.8875608484005565 0.08136300417246176 0.1384735744089012 0.15438108484005564
2 0.27733831710709317 0.18845618915159945 0.13065020862308757 0.17663421418636996
2 0.11304763560500695 0.09735744089012517 0.1478616133518776 0.19471488178025034
2 0.05319888734353269 0.2719054242002782 0.10639777468706538 0.09040333796940196
