2 0.4036856745479833 0.8859527121001392 0.11891515994436716 0.16689847009735742
2 0.29181154381084845 0.40751043115438107 0.10796244784422811 0.24478442280945764
2 0.49717489568845624 0.3915159944367177 0.15568497913769122 0.22114047287899857
2 0.5042159248956886 0.10570236439499306 0.11343880389429764 0.20862308762169682
2 0.7123174547983311 0.17107093184979139 0.14942628650904027 0.22531293463143257
2 0.7181849791376913 0.4707927677329624 0.11422114047287905 0.16550764951321276
2 0.6278251043115438 0.5632823365785814 0.07901599443671771 0.14742698191933237
2 0.536682892906815 0.7030598052851182 0.10483310152990263 0.19610570236439492
2 0.7404815716272601 0.7851182197496523 0.09309805285118217 0.1682892906815019
2 0.6661595966620307 0.8998609179415855 0.15255563282336573 0.20027816411682892
2 0.9192454798331017 0.7086230876216969 0.09388038942976351 0.2211404728789987
2 0.8543115438108484 0.9262865090403338 0.12047983310152986 0.14742698191933243
2 0.11656815020862307 0.433240611961057 0.12986787204450626 0.18219749652294845
2 0.377086230876217 0.17941585535465926 0.10013908205841439 0.16133518776077885
2 0.2671679415855355 0.17315716272600834 0.07119262865090406 0.10987482614742698
2 0.07275730180806676 0.22531293463143257 0.08605702364394993 0.11682892906815023
2 0.421288247566064 0.566759388038943 0.0852746870653685 0.16550764951321292
