3 0.11539464534075104 0.439499304589708 0.08371001390820584 0.09179415855354656
2 0.1247826842837274 0.7976356050069541 0.09466272600834494 0.17107093184979136
2 0.28007649513212796 0.9026425591098747 0.09544506258692625 0.14186369958275377
2 0.3892124478442281 0.8198887343532684 0.08371001390820582 0.13490959666203053
2 0.5726703755215578 0.9026425591098749 0.15959666203059805 0.19471488178025026
2 0.6364308066759389 0.5549374130737135 0.15568497913769122 0.29485396383866486
2 0.40055632823365783 0.6425591098748262 0.10796244784422811 0.17246175243393608
2 0.41424721835883177 0.42628650904033377 0.12752086230876217 0.15994436717663418
2 0.27772948539638387 0.4603616133518776 0.10952712100139078 0.16133518776077885
2 0.24760952712100143 0.6383866481223922 0.11500347705146037 0.13073713490959668
2 0.1689847009735744 0.6439499304589709 0.07823365785813632 0.12239221140472871
2 0.02816411682892907 0.347009735744089 0.05632823365785814 0.22114047287899863
2 0.20379867872044508 0.2552155771905424 0.11969749652294852 0.15159944367176628
2 0.19206363004172464 0.06884561891515995 0.11030945757997224 0.1321279554937413
2 0.10874478442280947 0.1787204450625869 0.10796244784422811 0.15438108484005567
2 0.45962273991655084 0.20445062586926288 0.08996870653685676 0.19193324061196107
2 0.5722792072322671 0.2670375521557719 0.11656815020862311 0.20305980528511824
2 0.556241307371349 0.054242002781641166 0.09231571627260081 0.10848400556328233
2 0.35674547983310156 0.18428372739916551 0.12673852573018082 0.23504867872044508
2 0.7666898470097356 0.3636995827538248 0.12047983310152986 0.25173852573018085
2 0.7659075104311543 0.7628650904033379 0.06415159944367176 0.13490959666203053
2 0.9580580667593881 0.700278164116829 0.08388386648122392 0.1821974965229485
2 0.9514082058414465 0.9075104311543811 0.09718358831710702 0.1627260083449235
2 0.9427155771905424 0.19332406119610568 0.10170375521557716 0.18358831710709317
