2 0.13417072322670376 0.771210013908206 0.11656815020862309 0.17663421418636985
2 0.44319367176634217 0.7197496522948539 0.16350834492350494 0.21835883171070933
2 0.6266515994436718 0.6300417246175243 0.15646731571627265 0.19193324061196107
2 0.4858310152990265 0.5375521557719054 0.07979833101529905 0.13490959666203062
2 0.5386387343532685 0.41307371349095967 0.10092141863699582 0.1780250347705146
2 0.5022600834492351 0.16063977746870656 0.10796244784422811 0.1599443671766342
2 0.40407684283727396 0.23157162726008346 0.08683936022253136 0.19332406119610568
2 0.28985570236439495 0.15299026425591097 0.04146383866481223 0.0834492350486787
2 0.19832232267037553 0.20723226703755215 0.07745132127955495 0.08344923504867875
2 0.17993741307371353 0.3087621696801113 0.1251738525730181 0.10292072322670379
2 0.24604485396383868 0.47774687065368565 0.09309805285118224 0.1404728789986092
2 0.29337621696801114 0.6536856745479834 0.10639777468706534 0.1502086230876217
2 0.3590924895688456 0.9346314325452016 0.16429068150208617 0.13073713490959676
2 0.5182979833101531 0.9374130737134909 0.08683936022253136 0.1251738525730181
2 0.6372131432545203 0.9450625869262865 0.09466272600834494 0.10987482614742689
2 0.745566759388039 0.8873435326842838 0.10326842837273986 0.18080667593880392
2 0.930980528511822 0.6175243393602226 0.12673852573018082 0.2531293463143255
2 0.9125956189151601 0.3650904033379694 0.15099095966620296 0.2183588317107093
3 0.8612646180181216 0.14072799993416232 0.028238184197315518 0.09546460814247268
2 0.07119262865090403 0.0799721835883171 0.11109179415855357 0.14603616133518776
2 0.039507997218358834 0.3936022253129346 0.06649860917941586 0.17802503477051468
2 0.964316759388039 0.14603616133518776 0.07136648122392203 0.20027816411682892
