2 0.4490010163688884 0.5860703969187975 0.11855408152348346 0.1733176420241788
2 0.7447844228094576 0.4485931314860383 0.11795228415534396 0.240718947255804
2 0.5868126136728362 0.40579865197389536 0.08726061838022893 0.1658286081095538
2 0.48601155450946826 0.4635711993152883 0.0734192789130202 0.14015192040226815
2 0.6183467957633465 0.12570878356691984 0.08003904996255472 0.16154916015833953
2 0.7483350272814806 0.09628757890232159 0.08605702364395 0.13908205841446453
2 0.7805311864769444 0.24981277415213435 0.07823365785813621 0.1315930244998395
2 0.4763226168824221 0.1492457472985985 0.12096127099604154 0.18722584786562532
2 0.3300858564245212 0.3840804536214828 0.08726061838022893 0.13694233443885737
2 0.22808120252487427 0.40173317642024176 0.09628757890232155 0.15940943618273237
2 0.180539210441853 0.13426767946934845 0.07582646838557829 0.10591633679255376
2 0.12547475125708782 0.23643949930458974 0.08124264469883384 0.11554509468278593
2 0.13847357440890126 0.5792767732962448 0.12673852573018082 0.17941585535465926
2 0.10326842837273988 0.8984700973574404 0.10796244784422812 0.14186369958275488
2 0.853529207232267 0.7072322670375522 0.11265646731571628 0.14325452016689866
2 0.8773904728789986 0.4520166898470097 0.11030945757997217 0.18915159944367183
2 0.9701842837273992 0.18497913769123783 0.05963143254520162 0.2976356050069541
