2 0.3873167861345886 0.6226596769016797 0.11554509468278595 0.17759708997539306
2 0.31744811169359155 0.13105809350593772 0.11253610784208835 0.15512998823151813
2 0.24763961698940837 0.05028351342676795 0.08846421311650793 0.09842730287792875
2 0.6345953247031132 0.240718947255804 0.11012891836953045 0.1861559858778217
2 0.5368032523804428 0.3514496629934738 0.10471274205627466 0.17652722798758957
2 0.39447817481544883 0.34182090510324165 0.09929656574301916 0.138012196426661
2 0.58946052209265 0.5450946827859205 0.09929656574301916 0.1572697122071252
2 0.6986867444099709 0.45522627581042036 0.09388038942976365 0.18294639991441103
2 0.8103201561998502 0.4905317214079383 0.08966780785278701 0.20006419171926823
2 0.7311838022895045 0.8127741521343748 0.18470549991358795 0.22467101743875034
2 0.5670782892083843 0.9205833216745809 0.1064718420554518 0.14401988297355786
2 0.43722893400597473 0.9201718362946565 0.11156397363201677 0.15965632741068717
2 0.3158545949939321 0.9063079442633557 0.10041825906233239 0.15699749880194433
2 0.26956248975243136 0.7419397927253181 0.08831109307609378 0.11648201524015221
2 0.289510025497597 0.46052387251839527 0.08127230909165224 0.10931866149423883
2 0.23650671957888236 0.25189160113532677 0.10148288331021128 0.12766584943732803
2 0.48462376902800075 0.04969030067919952 0.10492298104954052 0.09938060135839905
2 0.6717405139207995 0.07426242738869379 0.09398838466381548 0.14852485477738758
2 0.16047488904892795 0.5678665989961078 0.10868440659968616 0.15625352369114304
2 0.07726043686542908 0.47254089825950507 0.0751340028232613 0.13021126974261918
2 0.1333883866481224 0.15507649513212798 0.1353442280945758 0.1655076495132128
2 0.08679769732781394 0.874085473743118 0.1078606052126968 0.1662400934894782
2 0.905163421418637 0.8129346314325452 0.11735048678720432 0.22670375521557717
2 0.9016429068150208 0.27746870653685674 0.1087447844228096 0.20166898470097355
