2 0.024643602225312936 0.9276773296244784 0.04928720445062587 0.09735744089012527
2 0.04967837273991656 0.6662030598052852 0.09466272600834494 0.2670375521557719
2 0.08175417246175243 0.23713490959666203 0.10405076495132129 0.16550764951321276
2 0.26521210013908203 0.9596662030598053 0.19089012517385254 0.08066759388038947
2 0.8964975393174279 0.7520059912271319 0.09327859206162387 0.1626190221461431
2 0.39189044613244894 0.7215149245747299 0.09749117363860066 0.11447523269498233
2 0.5962006526158126 0.8247566063977747 0.0992965657430191 0.16261902214614338
2 0.6873729538889484 0.7851717128490426 0.07101208944046221 0.15192040226810732
2 0.7364194393923185 0.5744089012517386 0.061985128918369554 0.17331764202417888
2 0.8417339788167325 0.5669198673371135 0.09929656574301916 0.1647587461217502
2 0.6097410933989516 0.6375307585321495 0.11073071573766988 0.16689847009735742
2 0.49991307371349103 0.6653471702150423 0.08364983417139187 0.160479298170536
2 0.551366748689419 0.4743768053921045 0.1492457472985984 0.16368888413394672
2 0.3404367711565208 0.5064726650262117 0.16549427623836518 0.1594094361827325
2 0.24291550764951325 0.717663421418637 0.08996870653685676 0.13073713490959663
2 0.316786134588638 0.3377554295495881 0.09388038942976351 0.11768481865839313
2 0.4217997753289825 0.3265218786776505 0.07402107628115964 0.13801219642666093
2 0.2759240932919653 0.19845939873756283 0.060781534182090514 0.08237937306087514
2 0.30210227880603396 0.0839841660425805 0.07221568417674121 0.08451909703648228
2 0.3815395314004493 0.05884240932919653 0.07943725259441535 0.10270675082914303
2 0.4552597089975393 0.1685032630790628 0.07041029207232263 0.10163688884133946
2 0.5614769444741627 0.15138547127420562 0.08184444206697336 0.13801219642666096
2 0.6126297207660213 0.03851503156092864 0.09267679469348458 0.07703006312185728
2 0.6550564352198566 0.16529367711565207 0.0559671552369744 0.12517385257301808
2 0.728174815448807 0.1037766128169466 0.07823365785813621 0.15833957419492883
2 0.823018080667594 0.20236439499304587 0.09544506258692621 0.17663421418636996
2 0.9016429068150209 0.11265646731571627 0.08840403337969406 0.13630041724617523
2 0.6595097357440891 0.3011126564673157 0.08292767732962453 0.13490959666203062
2 0.7124910501929866 0.41644789360634016 0.07175276312432616 0.09464163738262385
2 0.8570497218358832 0.9374130737134909 0.1040507649513212 0.1251738525730181
2 0.9674461057023643 0.9346314325452016 0.06510778859527122 0.13073713490959676
2 0.9862221835883171 0.6070931849791377 0.02755563282336567 0.24617524339360222
2 0.9427155771905424 0.37273991655076494 0.1048331015299027 0.22253129346314324
2 0.9752694714881781 0.11821974965229487 0.049461057023643916 0.22531293463143257
2 0.8151437935660146 0.7804478606875097 0.04582918418908548 0.08805787130383265
