2 0.10271916843528273 0.9436244427140372 0.03729495961650265 0.06405461990630953
2 0.16382390453011758 0.929764671155362 0.03434507580502785 0.08353321777255601
2 0.20965245660124374 0.9280790232630908 0.034977193764629606 0.06817509253186188
2 0.1742538508635463 0.8151044030183027 0.06321179596017404 0.07866356830599443
2 0.09945322564400706 0.8403891214023723 0.050148024795071355 0.07154638831640427
2 0.10524764027368967 0.6952361084567877 0.06047261813523309 0.12661088613060018
2 0.028872248883655763 0.597017121964294 0.057744497767311526 0.09610431779713309
2 0.028872248883655763 0.42938061307952197 0.057744497767311526 0.12340668080768231
2 0.25800733044968976 0.7051344794860687 0.07494498646395752 0.13760390957316787
2 0.2825794571591841 0.9595925027443871 0.0638875294446851 0.08081499451122581
2 0.32373776939758697 0.5314914507389759 0.06511613578015986 0.14634066573654372
2 0.41311888030337235 0.5828198931988082 0.07924510863811904 0.14852485477738747
2 0.4862209572641178 0.6636348877100339 0.06081601360599819 0.13541972053232393
2 0.4730134391577646 0.39697635817338517 0.07248777379300804 0.1190383027259945
2 0.5716090975796105 0.32708230886637923 0.09030256565739136 0.14088019313443378
2 0.7070629460656975 0.14852485477738755 0.08354523081228052 0.16818255614498298
2 0.6954633252584221 0.28911176809067934 0.06179380977239674 0.07505975083464587
2 0.6509283000142934 0.39716032506776416 0.05306883653922711 0.10246026266116011
3 0.5682152660839519 0.4511156868891855 0.025323934214175878 0.06362872952184055
3 0.6495895080255041 0.5213473977765 0.06786814369399145 0.03721680405994441
2 0.506301384236818 0.8164034531853082 0.0583280526042909 0.06912954382730774
2 0.5456496736920937 0.9073417221486119 0.054624684184970886 0.09134975434322812
2 0.6754990288945034 0.8847100262527673 0.06804939470500614 0.1415509706940111
2 0.6069867131370823 0.8032359210277259 0.05786513155187606 0.11027808181975303
2 0.7539641472788472 0.7098287397848755 0.06573478944293115 0.15718741513114054
2 0.7497978578071121 0.8727769502349583 0.05184715787048077 0.13908205841446444
2 0.6384653447013027 0.5835027281480689 0.037496605245615766 0.06748360230760994
2 0.7155416999284016 0.5621054883919975 0.05277299997531088 0.10040243270156608
2 0.8926460361613351 0.2093184979137691 0.07510431154381081 0.13769123783031986
2 0.8151947148817803 0.35396383866481224 0.09231571627260081 0.18219749652294862
2 0.7404815716272601 0.41376912378303204 0.04928720445062595 0.0987482614742698
2 0.9571888038942977 0.3984700973574409 0.07588664812239215 0.1571627260083449
2 0.948191933240612 0.6641168289290681 0.05789290681502081 0.1543810848400556
2 0.8476616828929068 0.6328233657858137 0.06336926286509041 0.11961057023643953
2 0.8163682197496523 0.8157162726008345 0.053981223922114054 0.13490959666203053
2 0.9012517385257303 0.9054242002781641 0.05789290681502066 0.10848400556328229
