2 0.6850191783839767 0.336290541597057 0.09436467606921305 0.16522720640043345
2 0.4540927918523363 0.3163493270314875 0.09899388659336317 0.15319917221802645
2 0.6619771049534608 0.535247521117113 0.09472076918645542 0.1437033557582314
2 0.5530126110773129 0.3943929102968201 0.06836987851052427 0.15699749880194439
2 0.6949157182983748 0.7391815745709632 0.10504746958648241 0.18358578488937055
2 0.4841085928909251 0.7825458030706938 0.08083313761400511 0.16142887981651555
2 0.9568845618915159 0.2573018080667594 0.08623087621696797 0.21696801112656464
3 0.9230645785155255 0.05267012863032975 0.04906963155599087 0.08229707598489025
2 0.7999275785731333 0.15266107595197143 0.09443589469266157 0.2049197192023767
2 0.8031680259400383 0.42959073664112707 0.09536173679749141 0.13825908765461561
2 0.9506258692628652 0.6731571627260083 0.09874826147426972 0.161335187760779
2 0.3645688456189151 0.7774687065368567 0.11265646731571628 0.18636995827538244
2 0.15998783031988875 0.5528511821974965 0.105615438108484 0.15994436717663427
2 0.2906380389429764 0.08414464534075104 0.10561543810848399 0.1404728789986092
2 0.5660205146036161 0.219749652294854 0.07432197496522953 0.13908205841446455
2 0.48622218358831715 0.13630041724617525 0.06962795549374136 0.11126564673157166
2 0.1650730180806676 0.9255910987482615 0.09388038942976358 0.14325452016689838
2 0.17993741307371353 0.23713490959666203 0.12830319888734354 0.1905424200278164
2 0.2405684979137691 0.40333796940194716 0.07275730180806679 0.0890125173852573
