2 0.34615384615384615 0.46827859206162403 0.11133251310580934 0.167968332085161
2 0.26268455119289613 0.3102599764630362 0.09207499732534505 0.12838343853642878
2 0.1435286723012731 0.2166470525302236 0.08605702364394993 0.16368888413394672
2 0.500996308976142 0.2920723226703755 0.12336846046859953 0.25248742912164324
2 0.6294800470739275 0.5226275810420455 0.10832352626511181 0.17866695196319676
2 0.5300446050151837 0.6321048490070222 0.09222811736575927 0.1956138190717777
2 0.6014412750222675 0.8156906338963927 0.0883110930760938 0.15636444437129157
2 0.6897523680983614 0.7289621768969314 0.08688672060712463 0.15889666209390355
2 0.3803074492147908 0.6070991989962288 0.08403797566918599 0.12407866840798824
2 0.38475861318031973 0.8588288619643805 0.10362309711751322 0.21650461528332657
2 0.8312326147426984 0.795549374130737 0.11656815020862311 0.27816411682892905
2 0.8754346314325452 0.5305980528511821 0.08449235048678716 0.19332406119610565
2 0.9748783031988872 0.6912378303198886 0.05024339360222527 0.1835883171070931
2 0.9313716968011128 0.3087621696801113 0.07745132127955515 0.21418636995827534
2 0.788595271210014 0.14047287899860916 0.10013908205841446 0.24478442280945753
2 0.6552068845618916 0.12726008344923506 0.09935674547983311 0.14881780250347706
2 0.6857180111265647 0.3087621696801113 0.13534422809457575 0.2058414464534075
2 0.27772948539638387 0.08692628650904034 0.08605702364394993 0.12656467315716274
2 0.09075104311543811 0.7510431154381084 0.10483310152990265 0.1418636995827539
2 0.20497218358831712 0.8692628650904033 0.09700973574408904 0.1613351877607788
2 0.04576668984700973 0.9269819193324063 0.09153337969401948 0.1460361613351877
2 0.2839881780250348 0.7232267037552157 0.09700973574408898 0.13630041724617528
2 0.03676981919332406 0.5146036161335188 0.07353963838664812 0.15299026425591095
2 0.22961578581363004 0.5069541029207233 0.08683936022253129 0.15716272600834486
