2 0.18541376912378305 0.7760778859527122 0.11422114047287903 0.2336578581363004
2 0.323105006954103 0.9221140472878999 0.06102225312934628 0.11682892906815028
2 0.47761648122392214 0.8031988873435327 0.09779207232267034 0.15716272600834486
2 0.46588143254520176 0.9506258692628652 0.09153337969401953 0.09874826147426986
2 0.6039638386648123 0.7858136300417246 0.07666898470097358 0.15299026425591108
2 0.744393254520167 0.7100139082058415 0.0664986091794158 0.11543810848400568
2 0.5464621001390821 0.5980528511821975 0.13690890125173852 0.1696801112656467
2 0.3141081363004173 0.6502086230876216 0.15568497913769128 0.1905424200278164
2 0.35791898470097366 0.41515994436717657 0.14473226703755215 0.1210013908205841
2 0.46940194714881783 0.38386648122392214 0.056328233657858176 0.14186369958275385
2 0.5574148122392212 0.29276773296244785 0.0618045897079277 0.12100139082058416
2 0.6180458970792768 0.4652294853963839 0.11422114047287905 0.12378303198887344
2 0.7983744784422809 0.4812239221140473 0.10561543810848406 0.1557719054242002
2 0.9227659944367177 0.7774687065368567 0.10718011126564676 0.2392211404728789
2 0.6966707232267038 0.8748261474269818 0.07119262865090406 0.11961057023643945
2 0.6923678720445062 0.21210013908205838 0.10483310152990256 0.20445062586926283
2 0.7819454102920724 0.09735744089012517 0.0915333796940196 0.14742698191933243
2 0.8003303198887344 0.24478442280945756 0.08605702364394986 0.12239221140472875
2 0.5679763560500696 0.07093184979137691 0.08605702364394993 0.14186369958275383
2 0.4079885257301808 0.1036161335187761 0.13065020862308763 0.1432545201668985
2 0.2519123783031989 0.15299026425591097 0.08762169680111268 0.19471488178025032
2 0.11148296244784422 0.26912378303198886 0.10718011126564674 0.1432545201668985
2 0.04772253129346314 0.6592489568845619 0.06415159944367177 0.15577190542420027
2 0.10326842837273993 0.47426981919332406 0.11578581363004176 0.11126564673157169
2 0.1588143254520167 0.0764951321279555 0.07823365785813632 0.1223922114047288
