2 0.2687326147426982 0.3143254520166899 0.09309805285118224 0.10848400556328233
2 0.10600660639777469 0.30667593880389427 0.09466272600834494 0.129346314325452
2 0.06649860917941586 0.08414464534075104 0.1079624478442281 0.14881780250347706
2 0.20106050069541026 0.10917941585535466 0.13299721835883171 0.15994436717663424
2 0.3692628650904034 0.196105702364395 0.08605702364394993 0.13908205841446455
2 0.25856223922114047 0.4867872044506258 0.08527468706536855 0.15577190542420033
3 0.33452064010665694 0.416645406588704 0.05786513155187599 0.04444042103184074
3 0.3847475742936853 0.47713375743759834 0.027775263144900465 0.05513904090987637
2 0.44932506110557896 0.6758811959411082 0.0939729736402466 0.15142661981219788
2 0.3393813111570146 0.5894692661569735 0.06573478944293115 0.11686184789854423
2 0.2573841051427443 0.7687452164824583 0.10462015784579169 0.09711054966217034
2 0.2546065788282542 0.9588514620075549 0.09721342100715169 0.08229707598489028
2 0.4122311971755643 0.9222292631942787 0.08471455259194642 0.12591452625688204
2 0.5543479602669718 0.8814922105817581 0.06804939470500614 0.1250915554970332
2 0.5409232497469363 0.7465250059665379 0.05138423681806586 0.11686184789854423
2 0.5200918023882611 0.5192945494646574 0.06619771049534606 0.1316753215758243
2 0.45319971031429246 0.4398778711392384 0.07406736838640128 0.15060364905234905
2 0.5048154076585658 0.2312547835175416 0.061568499971196004 0.09546460814247272
2 0.5793456970973822 0.4168346898634691 0.08471455259194649 0.18187653792660746
2 0.6726242891590062 0.4398778711392384 0.0546246841849711 0.1538955320917448
2 0.667069236530026 0.20821160224177235 0.06480894733810097 0.19422109932434103
2 0.5862895128836072 0.22425953205882593 0.060642657866366176 0.1440198829735579
2 0.10669867337113512 0.5207018294639991 0.09026960522092649 0.14978067829250022
2 0.08786241574836846 0.909596662030598 0.09267679469348454 0.138012196426661
2 0.16970685781534178 0.7357440890125173 0.0734192789130202 0.13266288648764316
2 0.0514536749759281 0.6870653685674546 0.06439231839092756 0.17866695196319668
2 0.4552597089975393 0.040119824542634 0.046338397346742256 0.080239649085268
2 0.36890178666951967 0.04760885845725901 0.054161763132555836 0.09521771691451802
3 0.531652502398424 0.10353264337867187 0.020543833687056576 0.049670424558927805
2 0.6321279554937412 0.6502086230876217 0.06415159944367176 0.1738525730180806
2 0.7044940890125173 0.85326842837274 0.07119262865090391 0.14325452016689852
2 0.7807719054242003 0.7496522948539638 0.0672809457579973 0.13073713490959663
2 0.9453634856103561 0.7209799935808279 0.08545522627581022 0.22039156948753597
2 0.8809109874826149 0.478442280945758 0.09700973574408905 0.16968011126564675
2 0.7905511126564673 0.5625869262865091 0.07275730180806661 0.16550764951321276
2 0.7752955493741308 0.2851182197496523 0.09075104311543811 0.12517385257301808
2 0.867220097357441 0.2858136300417246 0.06806328233657866 0.11265646731571628
2 0.8605702364394994 0.12656467315716272 0.0876216968011127 0.1808066759388039
