2 0.03989916550764951 0.8616133518776078 0.07979833101529903 0.157162726008345
2 0.05828407510431154 0.6126564673157162 0.11656815020862309 0.13490959666203048
2 0.07471314325452016 0.3776077885952712 0.11030945757997218 0.16550764951321276
2 0.08527468706536859 0.09109874826147428 0.1502086230876217 0.1655076495132128
2 0.29259388038942974 0.31084840055632823 0.11265646731571628 0.18497913769123783
2 0.3360135605006954 0.5305980528511821 0.15255563282336582 0.1821974965229486
2 0.2656032684283728 0.7371349095966621 0.09622739916550767 0.10292072322670379
2 0.24213317107093182 0.9116828929068151 0.07119262865090402 0.12934631432545202
2 0.3559631432545201 0.8386648122392211 0.07823365785813628 0.13073713490959663
2 0.5386387343532685 0.878998609179416 0.09779207232267041 0.1585535465924896
3 0.751024598596012 0.7182477306581296 0.04166289471735084 0.07489033914625011
2 0.46325115073469125 0.6437783727082638 0.0544822469380739 0.10192176333513317
2 0.5403453106176521 0.5402739732964981 0.08261360320021666 0.14813473677280237
2 0.529154372222078 0.352611317873722 0.0861745343726399 0.13167532157582446
2 0.422504483608005 0.36305671597949657 0.09009155866230528 0.13484059372908938
2 0.5177593924703239 0.18548494818132952 0.0854623481381553 0.11268368865623433
2 0.525771487608276 0.04589644622234263 0.06445285422085867 0.08293013041554323
2 0.43852867388390915 0.0705855690178097 0.07086253033122049 0.1019217633351333
2 0.32529106260085344 0.11584896080949933 0.056618805641527804 0.11521590637884634
2 0.6407895644775432 0.056341844328117154 0.08296969631745896 0.11268368865623431
2 0.7323549925521148 0.600669898198517 0.0712898420719111 0.12179967245763748
2 0.6129213610290428 0.7088905531186477 0.07869657891055112 0.14401988297355786
2 0.8043253285710759 0.9251096608537499 0.09026960522092636 0.14978067829250022
2 0.8527468706536857 0.6432545201668985 0.1048331015299027 0.15438108484005567
2 0.7950206154175342 0.28022154372855135 0.11573026310375184 0.17200088880842068
2 0.7980758943634733 0.0810626198451169 0.14813473677280256 0.1621252396902338
2 0.927460013908206 0.13838664812239224 0.07901599443671771 0.1905424200278164
2 0.9462360917941587 0.396383866481224 0.07745132127955501 0.2253129346314326
2 0.650904033379694 0.5118219749652294 0.0719749652294854 0.17802503477051468
