3 0.8715229485396384 0.8059805285118219 0.10639777468706527 0.3212795549374131
2 0.08605702364394993 0.08901251738525731 0.09231571627260082 0.14742698191933243
2 0.08253650904033381 0.24339360222531295 0.11656815020862311 0.12795549374130735
2 0.09935674547983311 0.37134909596662025 0.11735048678720446 0.11961057023643953
2 0.1376912378303199 0.6244784422809457 0.097009735744089 0.24200278164116823
2 0.03364047287899861 0.6216968011126565 0.06728094575799722 0.133518776077886
2 0.08058066759388038 0.8977746870653687 0.14864394993045896 0.20445062586926283
2 0.2867263560500695 0.6063977746870652 0.09935674547983303 0.18915159944367177
2 0.30902294853963835 0.7934631432545199 0.10952712100139081 0.14325452016689866
2 0.4901338664812239 0.836578581363004 0.08371001390820589 0.15159944367176637
2 0.47761648122392214 0.6098748261474269 0.10405076495132129 0.1404728789986091
2 0.3864742698191933 0.36369958275382475 0.1063977746870654 0.13769123783031986
2 0.3536161335187761 0.08344923504867871 0.10952712100139081 0.16689847009735742
2 0.4995219054242003 0.08831710709318497 0.0868393602225312 0.10987482614742698
2 0.6282162726008346 0.07232267037552156 0.08918636995827554 0.12795549374130738
2 0.8089360222531293 0.09874826147426984 0.11109179415855351 0.1502086230876217
2 0.8617437413073713 0.24826147426981918 0.0930980528511823 0.1460361613351877
2 0.6360396383866481 0.24965229485396384 0.1236091794158554 0.15159944367176637
2 0.5644558414464534 0.4951321279554938 0.11030945757997217 0.18080667593880384
2 0.5061717663421419 0.3066759388038943 0.0704102920723227 0.12378303198887342
2 0.6857180111265647 0.4339360222531293 0.07275730180806676 0.13630041724617528
2 0.7256171766342141 0.6724617524339361 0.08058066759388041 0.1710709318497914
2 0.7835100834492351 0.47357440890125174 0.07745132127955501 0.14325452016689852
2 0.8715229485396384 0.5507649513212796 0.0531988873435327 0.11682892906815014
