3 0.23743915159944365 0.2663421418636996 0.03989916550764949 0.06258692628650905
3 0.46748082478129555 0.1693344635465102 0.03888536840286065 0.057607953189423196
2 0.13730006954102922 0.9554937413073713 0.07745132127955495 0.0890125173852573
2 0.23587447844228093 0.680806675938804 0.10561543810848402 0.14047287899860927
2 0.2753824756606398 0.547287899860918 0.07666898470097358 0.08762169680111263
2 0.15177329624478444 0.5792767732962447 0.07353963838664815 0.14325452016689857
2 0.12008866481223922 0.4082058414464534 0.11813282336578582 0.14603616133518776
2 0.056328233657858134 0.25521557719054244 0.0844923504867872 0.09318497913769125
2 0.10835361613351877 0.14812239221140472 0.057110570236439485 0.09874826147426981
2 0.1846314325452017 0.07232267037552156 0.07666898470097358 0.11126564673157163
2 0.31058762169680115 0.08344923504867871 0.0704102920723227 0.12517385257301808
2 0.3446192628650904 0.36717663421418634 0.08058066759388037 0.1780250347705146
2 0.4514082058414465 0.4561891515994436 0.09075104311543811 0.1863699582753825
2 0.4568845618915161 0.6522948539638387 0.09388038942976358 0.1502086230876217
2 0.33953407510431155 0.8386648122392211 0.1079624478442281 0.23922114047287907
2 0.5820584144645341 0.7941585535465925 0.09388038942976351 0.12795549374130744
2 0.46470792767732966 0.913769123783032 0.0735396383866481 0.12239221140472893
2 0.7874217663421419 0.85326842837274 0.10248609179415866 0.15994436717663418
2 0.8648730876216968 0.6696801112656467 0.11813282336578582 0.19054242002781635
2 0.7573018080667595 0.5653685674547984 0.08292767732962446 0.15438108484005553
2 0.6681154381084841 0.5055632823365785 0.11109179415855358 0.20445062586926283
2 0.578537899860918 0.27816411682892905 0.0868393602225312 0.13351877607788595
2 0.6818063282336578 0.17872044506258689 0.07745132127955501 0.129346314325452
2 0.9408466620305981 0.4207232267037552 0.11830667593880378 0.22114047287899863
