2 0.04341968011126565 0.86230876216968 0.0868393602225313 0.1835883171070931
3 0.4165942280945758 0.9026425591098749 0.12595618915159945 0.19471488178025026
2 0.21905424200278162 0.7614742698191932 0.09544506258692628 0.1710709318497915
2 0.2863351877607789 0.9408901251738526 0.07823365785813628 0.11821974965229487
2 0.4255910987482615 0.573018080667594 0.08605702364394986 0.23643949930458974
2 0.31410813630041723 0.601529902642559 0.06493393602225307 0.1321279554937413
2 0.262865090403338 0.5055632823365787 0.06102225312934632 0.12100139082058411
2 0.2577799026425591 0.3435326842837274 0.1353442280945758 0.1752433936022253
2 0.10561543810848402 0.09109874826147428 0.12986787204450628 0.18219749652294856
2 0.04185500695410292 0.5062586926286509 0.08371001390820584 0.16689847009735742
2 0.03481397774687066 0.27121001390820587 0.06962795549374132 0.17246175243393602
2 0.4083796940194715 0.23504867872044508 0.11735048678720439 0.15299026425591097
2 0.43615264255910985 0.3963838664812239 0.12752086230876217 0.1502086230876217
2 0.5339447148817803 0.10778859527121001 0.11030945757997217 0.21557719054242003
2 0.5757997218358831 0.3052851182197497 0.1220445062586927 0.1599443671766342
2 0.6501216968011128 0.5841446453407511 0.14238525730180812 0.19193324061196101
2 0.6422983310152991 0.8059805285118219 0.0891863699582754 0.15159944367176637
2 0.8089360222531294 0.7447844228094576 0.09075104311543797 0.17107093184979136
2 0.8034596662030599 0.9422809457579973 0.09388038942976351 0.06815020862308757
2 0.870740611961057 0.3852573018080668 0.09857440890125176 0.16411682892906815
2 0.7706015299026424 0.1877607788595271 0.09075104311543825 0.18915159944367177
2 0.6532510431154381 0.18080667593880392 0.10952712100139086 0.1780250347705146
