3 0.5230728800015221 0.10844955193211436 0.04120369489526055 0.0875206910329344
0 0.4425383854335127 0.09703380962347075 0.02140451682870676 0.01902623718107268
3 0.6980238098779508 0.016042833126052414 0.016777144884477478 0.03208566625210483
2 0.04159967845659164 0.2926182087594673 0.08319935691318328 0.12215908087334836
2 0.13656189664000482 0.06913183279742766 0.08318649610905786 0.1382636655948553
2 0.22201567524115756 0.27491961414791 0.09133842443729905 0.19614147909967844
2 0.138343442230862 0.5967468008214963 0.06839313069527611 0.13960079351792984
2 0.22130177668531728 0.5503070207197657 0.04432888100619745 0.08499887024680412
2 0.2775304585852291 0.6746433509324149 0.05224475261444706 0.09287956020346129
2 0.23858437027264137 0.7537317037117259 0.05351129207176694 0.09569409233083903
2 0.13456981734024231 0.764705114151231 0.05509446639341684 0.08668758952323045
2 0.369423231511254 0.7331189710610932 0.09495578778135055 0.180064308681672
2 0.513213424437299 0.6310289389067525 0.08591237942122192 0.13022508038585215
2 0.4585008038585209 0.4694533762057878 0.0705385852090032 0.1511254019292604
2 0.3572146302250803 0.389871382636656 0.07234726688102895 0.17524115755627015
2 0.3416734048498668 0.0708727334994958 0.12146302305964156 0.1417454669989916
2 0.545815179132023 0.29062577294088543 0.10060122909492186 0.14555071443520615
2 0.5549120987842234 0.4761315854563442 0.0759860347419091 0.16647957533438607
2 0.6980548050762 0.4799368328925588 0.08294250271123872 0.16838219905249333
2 0.6493595292908921 0.8092619722597462 0.07973182518693285 0.15125858558952784
2 0.7442725080385851 0.6527331189710611 0.08681672025723486 0.10932475884244376
2 0.8889734722027057 0.942122186495177 0.09949035276554014 0.11575562700964624
2 0.800059594226891 0.31264294125516523 0.09364476112559217 0.18931105995167324
2 0.8952439163606613 0.18740843623356607 0.0717051313761678 0.18074925322019061
2 0.9657355305466236 0.3996044661837759 0.06852893890675248 0.14647581339649066
2 0.9752311093247588 0.5579645948011392 0.04953778135048239 0.13843722818748744
2 0.8161676045016076 0.7845659163987139 0.08229501607717025 0.12861736334405138
