2 0.16976703755215578 0.5500695410292072 0.08449235048678723 0.15159944367176637
2 0.325452016689847 0.5229485396383866 0.10170375521557716 0.16689847009735742
2 0.34501043115438107 0.7371349095966621 0.09544506258692628 0.1251738525730181
2 0.4568845618915161 0.6801112656467316 0.09544506258692628 0.12795549374130735
2 0.572279207232267 0.8136300417246176 0.09779207232267026 0.1251738525730181
2 0.3962534770514604 0.9596662030598053 0.07901599443671764 0.08066759388038947
2 0.7299200278164117 0.9394993045897079 0.10952712100139081 0.1210013908205842
3 0.8797374826147427 0.837969401947149 0.1572496522948539 0.1710709318497915
2 0.5147774687065368 0.20097357440890126 0.10796244784422811 0.22670375521557717
2 0.35009561891516 0.29763560500695413 0.07745132127955494 0.14464534075104316
2 0.4787899860917942 0.3692628650904033 0.09231571627260081 0.13212795549374132
2 0.4561022253129346 0.5236439499304589 0.08762169680111263 0.1404728789986091
2 0.625086926286509 0.37621696801112653 0.10170375521557716 0.17385257301808063
2 0.6246957579972183 0.6091794158553546 0.08527468706536859 0.15299026425591095
2 0.7236613351877608 0.6126564673157163 0.08605702364395 0.13769123783031986
2 0.8304502781641168 0.6168289290681501 0.11656815020862311 0.1821974965229486
2 0.851182197496523 0.38734353268428373 0.10013908205841446 0.16550764951321284
2 0.7044940890125174 0.2545201668984701 0.11969749652294837 0.13908205841446453
2 0.9647079276773297 0.5514603616133519 0.07058414464534067 0.20723226703755215
2 0.8938195410292074 0.1349095966620306 0.1306502086230877 0.21418636995827536
