3 0.7757769872686424 0.2780571306301487 0.12216486573232048 0.2845832887557505
2 0.5261213490959666 0.6286509040333796 0.10874478442280953 0.17246175243393608
2 0.4228529207232268 0.7962447844228094 0.10405076495132129 0.14881780250347704
2 0.5378563977746871 0.9408901251738526 0.11187413073713494 0.11821974965229487
2 0.7162291376912379 0.7385257301808066 0.11030945757997217 0.15577190542420027
0 0.6407475454897087 0.7236135000123446 0.0226831315683355 0.04608636255153854
2 0.8316237830319889 0.9367176634214186 0.20027816411682892 0.1265646731571627
2 0.7963908617326827 0.6009990865024565 0.040274131560105675 0.09875649118186829
2 0.7459324670194468 0.6042909695418522 0.03379323682629561 0.055962011669725344
3 0.7038066512496812 0.5845396713054786 0.03934828945527571 0.12015373093793982
2 0.6213785426872543 0.43994062104474224 0.09011336028172828 0.16407737284271684
2 0.46186336057564636 0.4883886642069617 0.058864372442096725 0.08785245160082482
2 0.43751821888663117 0.3333549260878593 0.09302024287146153 0.10077192977741664
2 0.3237864375633208 0.3217273957289266 0.061771255031829925 0.09560413850677989
2 0.3252398788581874 0.45415204703899326 0.07630566798049575 0.10206387759507592
2 0.2147783404483269 0.29459649155808365 0.07630566798049575 0.18345659010760465
2 0.1101305672179327 0.2183715703161916 0.05886437244209674 0.1343625730365555
2 0.44987246989299723 0.15119028379791385 0.13807692301232571 0.10593972104805338
2 0.6271923078667205 0.16992352715397208 0.12354251006365978 0.14082231212485147
2 0.29980465619802216 0.16669365760982408 0.06758502021129625 0.124026990495282
2 0.9324149797887038 0.13310301435068525 0.06249797567926322 0.13177867740123714
2 0.8673734818434241 0.14860638816259547 0.035609311724231534 0.12402699049528199
2 0.8957155870933226 0.2900746741962765 0.0675850202112963 0.13565452085421473
2 0.8808178138209399 0.4664255513067556 0.08284615380739552 0.13694646867187388
2 0.7485546559880806 0.47869905557451786 0.1017408906406611 0.1046477732303942
2 0.9433157895002031 0.7125416105708308 0.1133684209995937 0.28552046770268047
