2 0.12126216968011129 0.7746870653685675 0.1439499304589708 0.21696801112656458
2 0.5034266445013208 0.9419805614306525 0.07453028943881627 0.10780916954020625
2 0.638136670754088 0.9246981754738255 0.09767634205956675 0.1506036490523492
2 0.4893075524026631 0.7333574738089556 0.09628757890232166 0.13661314613491782
2 0.25206051303997173 0.9329278830723143 0.07915949996296628 0.1045172865008108
2 0.37103122351062867 0.9510332397889902 0.11434149994650696 0.09793352042201946
2 0.26942005250553447 0.7777073680572129 0.09165836837817153 0.11027808181975274
2 0.43144242085078716 0.5090074149665462 0.08147410522504138 0.11439293561899738
2 0.552727736583519 0.5518018944786891 0.0796224210153813 0.11768481865839313
2 0.5913816444601723 0.4217725144225625 0.11156397363201684 0.1917521870447942
2 0.45204240768325493 0.33083424545925877 0.10230555258371674 0.18599139172585197
2 0.3390896708939931 0.38515031560928636 0.09119544732575652 0.09546460814247268
2 0.23470097357440892 0.28720445062586925 0.09857440890125176 0.18776077885952713
2 0.7459579276773296 0.21766342141863704 0.12126216968011136 0.1905424200278164
2 0.5761908901251739 0.11821974965229484 0.1572496522948539 0.23643949930458968
2 0.8335796244784425 0.497913769123783 0.12126216968011122 0.18358831710709317
2 0.7342228789986092 0.6682892906815021 0.09622739916550756 0.20445062586926283
2 0.7901599443671767 0.9123783031988872 0.11265646731571635 0.16968011126564675
2 0.9094662726008346 0.1599443671766342 0.08371001390820595 0.19471488178025034
2 0.3622218358831711 0.07162726008344923 0.09231571627260081 0.14325452016689846
2 0.9434979137691237 0.7253129346314325 0.11265646731571621 0.1738525730180806
