2 0.21839689410835234 0.8579058686044884 0.0902696052209265 0.08888084206368148
2 0.261911473035363 0.6579239739612052 0.14026507888174725 0.2156183390804125
2 0.3417653545769519 0.8418579387874349 0.06480894733810107 0.1012254034614152
2 0.46767988083383394 0.9048152019158759 0.11295273678926193 0.1448428537334067
2 0.4683742624124565 0.6472253540831696 0.061568499971196004 0.13002938005612663
2 0.4763457629350428 0.5110648418661684 0.0944358946926615 0.12673749701673095
2 0.37288290772028865 0.506127017307075 0.07267860522915612 0.15471850285159364
2 0.25692118409032927 0.35346594135510356 0.09813926311198166 0.13908205841446444
2 0.3177953024829028 0.15142661981219804 0.07823365785813624 0.12344561397733532
2 0.3541346050974809 0.3608726781937437 0.06295726312844102 0.11768481865839302
2 0.47125363135847775 0.3633415904732904 0.12128531573273194 0.13414423385537114
2 0.578882776044967 0.4300022220210515 0.06342018418085602 0.14072799993416227
2 0.2187301972660911 0.9711960234052884 0.12545160520446713 0.057607953189423286
2 0.579808618149797 0.8349943626502949 0.08656623680160642 0.15883335665083834
2 0.6068154323476886 0.5895351038177613 0.08934376311609647 0.14484285373340697
2 0.6838917875747873 0.768942729464822 0.10184263153130182 0.15142661981219788
2 0.7361787204450627 0.8477051460361613 0.06571627260083446 0.1404728789986092
2 0.7533901251738527 0.8643949930458971 0.02503477051460365 0.009735744089012429
2 0.8163682197496525 0.9645340751043117 0.12439151599443661 0.07093184979137689
2 0.9391950625869263 0.9436717663421419 0.07119262865090406 0.11265646731571635
2 0.8867785118219751 0.16342141863699586 0.1040507649513212 0.23504867872044508
2 0.6583362308762171 0.15159944367176634 0.11343880389429764 0.19471488178025034
2 0.36730702364394996 0.6634214186369958 0.0414638386648123 0.09179415855354649
2 0.4287204450625869 0.7767732962447843 0.05163421418636993 0.06815020862308771
