2 0.21899406226596768 0.8257194821867978 0.07221568417674117 0.14657109232908952
2 0.3655317214079383 0.8075318283941371 0.05717074997325348 0.0887985449876966
2 0.29843131486038305 0.9412645768695836 0.0637905210227881 0.06740130523162506
2 0.31016636353910343 0.7470846260832351 0.08124264469883383 0.09842730287792875
2 0.3841874398202632 0.6481223922114049 0.07522467101743885 0.10163688884133946
2 0.21598507542527012 0.5331122285225206 0.10350914731999573 0.13480261046325018
2 0.22711832673585108 0.6732641489247887 0.07522467101743871 0.08558895902428588
2 0.1675403872900396 0.7048250775649941 0.08846421311650798 0.12303412859741102
2 0.2885618380228951 0.4097571413287686 0.06078153418209048 0.11982454263400022
2 0.3812386327163796 0.2797689098106344 0.07763186048999686 0.13587247245105388
2 0.5154394458114901 0.4402482079811705 0.04633839734674219 0.1166149566705895
2 0.5277762918583503 0.5611426126029742 0.05055097892371876 0.10163688884133946
2 0.47180913662137586 0.6322884347919119 0.06740130523162513 0.10056702685353577
2 0.6640833957419491 0.4627153097250455 0.046338397346742256 0.1187546806461966
2 0.623762972076602 0.3792660746763667 0.04152401840162611 0.10163688884133953
2 0.534095164223815 0.3011661495667059 0.04272761313790518 0.09521771691451804
2 0.4536626313667075 0.11268368865623433 0.05555052628980093 0.12534477726929438
2 0.5583540078359477 0.0718516778791157 0.07691611332433979 0.1120506342255813
3 0.26346517782458706 0.24080684175304382 0.03870109956745342 0.11114161927063555
2 0.31556281185769747 0.21287442421148192 0.04498589351430489 0.11525797553991839
2 0.2023492824946933 0.2880249284629365 0.0654287397590084 0.12001038685955681
2 0.2651816436918363 0.05677414455279035 0.0810070111302009 0.1135482891055807
2 0.15294680111265646 0.0611961057023644 0.06180458970792767 0.1223922114047288
2 0.043419680111265645 0.10917941585535466 0.08527468706536856 0.12100139082058414
2 0.08566585535465926 0.27816411682892905 0.13847357440890126 0.20027816411682892
2 0.0762778164116829 0.48817802503477054 0.08058066759388038 0.08901251738525737
2 0.05006954102920723 0.6369958275382476 0.06415159944367176 0.10292072322670379
2 0.09388038942976357 0.782336578581363 0.10796244784422811 0.16828929068150217
2 0.04811369958275383 0.9388038942976356 0.09622739916550765 0.10292072322670379
2 0.4228529207232268 0.9429763560500696 0.09309805285118224 0.10292072322670379
2 0.5288595271210014 0.9228094575799721 0.09700973574408905 0.15438108484005567
2 0.5844054242002782 0.7753824756606398 0.09075104311543811 0.14881780250347687
2 0.7760778859527122 0.9506258692628652 0.0891863699582754 0.09874826147426986
2 0.9090751043115438 0.7906815020862308 0.0704102920723227 0.16550764951321284
2 0.836317802503477 0.7315716272600835 0.07979833101529905 0.16968011126564675
2 0.7154468011126565 0.6787204450625869 0.09779207232267041 0.14464534075104318
2 0.7467402642559109 0.5208623087621697 0.03207579972183595 0.10987482614742689
2 0.8649633572269179 0.5291619688752459 0.07545613154364617 0.15471850285159364
2 0.751552328595765 0.2888627367069648 0.13933923677691737 0.21068051452131903
2 0.8071028548855657 0.14237394145386012 0.0754561315436463 0.15636444437129146
