2 0.6317367872044507 0.5841446453407511 0.10561543810848406 0.17524339360222527
2 0.783510083449235 0.3504867872044506 0.14316759388038947 0.17524339360222538
2 0.7608223226703754 0.7072322670375522 0.12595618915159945 0.21001390820584137
2 0.6008344923504868 0.23157162726008346 0.13143254520166883 0.27399165507649514
2 0.4701842837273992 0.502086230876217 0.13456189151599446 0.2336578581363004
2 0.3731745479833102 0.6794158553546592 0.1189151599443672 0.1988873435326842
2 0.5065629346314325 0.7016689847009735 0.08527468706536866 0.16272600834492346
2 0.39429763560500697 0.8776077885952712 0.12047983310152986 0.15577190542420027
2 0.2749913073713491 0.9158553546592489 0.09622739916550764 0.14881780250347704
2 0.24213317107093185 0.6912378303198888 0.14003824756606398 0.1891515994436717
2 0.24252433936022258 0.5312934631432544 0.12360917941585538 0.19193324061196101
2 0.26247623671930936 0.28968570746681366 0.08980668416851145 0.17117791804857174
2 0.4763457629350428 0.2250825028186748 0.09906510521681162 0.19339812856449215
2 0.24743130251582157 0.08558895902428584 0.11434149994650689 0.1711779180485717
2 0.7538669338578399 0.06131132160874324 0.1476718157203875 0.12262264321748648
2 0.9239394993045897 0.23504867872044508 0.07510431154381081 0.16689847009735742
2 0.42598226703755215 0.04033379694019471 0.14003824756606398 0.08066759388038942
