2 0.64009048004014 0.6681522451599008 0.09990120274497215 0.20477623586340357
2 0.5393573131805048 0.4130462828009517 0.08843713029882756 0.20497033359916284
2 0.5167021223940768 0.1950712009883607 0.10099301916841434 0.18633666960082215
2 0.4151631950139412 0.2591244311636433 0.05076946369006784 0.1436345161506337
2 0.9250414647615034 0.5115523867826363 0.1031766520152992 0.30881420676212107
2 0.8265050325458343 0.08540430690037681 0.08734531387538538 0.12616545337555665
2 0.9501532425006767 0.15634811035606905 0.08024850712301031 0.22729191381176128
2 0.13010575819129205 0.785882083110593 0.1021940172342009 0.2018647254008907
2 0.2844613050554497 0.6508850479987472 0.10858114331133852 0.17663163472577942
2 0.439171692257226 0.7417241744291481 0.09722625250753843 0.20691134353591287
2 0.32964667364782174 0.9053759099683326 0.08587136170373835 0.18924818006333483
2 0.07877455495136322 0.07822258109284515 0.0880004037294508 0.1564451621856903
