2 0.13065020862308763 0.8817802503477051 0.11109179415855355 0.23643949930458974
2 0.2644297635605007 0.5848400556328234 0.1017037552155772 0.16828929068150217
2 0.3493132823365786 0.9394993045897079 0.08840403337969402 0.1210013908205842
2 0.3305372044506259 0.7621696801112656 0.11343880389429771 0.16968011126564675
2 0.45336404728789986 0.8706536856745479 0.07745132127955494 0.2058414464534073
2 0.5570236439499304 0.9290681502086231 0.07979833101529905 0.14186369958275377
2 0.709970445062587 0.7649513212795549 0.11500347705146041 0.2197496522948539
2 0.5718880389429764 0.4853963838664812 0.15803198887343534 0.2503477051460361
2 0.24682719054242 0.28025034770514606 0.16350834492350483 0.3463143254520167
2 0.7698191933240612 0.42002781641168285 0.10796244784422811 0.2280945757997218
2 0.8586143949930459 0.6863699582753824 0.10248609179415866 0.1877607788595271
3 0.9701842837273992 0.8268428372739917 0.040855354659248916 0.2461752433936023
2 0.6450365090403338 0.05285118219749652 0.15255563282336568 0.10570236439499305
2 0.9201147426981919 0.194019471488178 0.15977051460361608 0.3602225312934631
2 0.4107267037552156 0.2579972183588317 0.08292767732962446 0.24617524339360222
