2 0.5885578260404408 0.4887129560286724 0.11554509468278595 0.16047929817053594
2 0.531687974751257 0.2599764630362682 0.10892532363325123 0.17331764202417882
2 0.4176473734888199 0.42954958810313465 0.1251738525730181 0.23429977532898252
2 0.2488432117256874 0.3926393495239114 0.12336846046859958 0.17973681395100038
2 0.31504092222103347 0.6649192254199208 0.1257756499411576 0.23002032737776829
2 0.17993741307371353 0.7677329624478442 0.1533379694019472 0.18358831710709325
2 0.3047200973574409 0.926981919332406 0.09466272600834497 0.1265646731571627
2 0.4502347009735744 0.9422809457579973 0.10092141863699582 0.11543810848400554
2 0.5969228094575799 0.8706536856745479 0.19245479833101528 0.21974965229485405
2 0.4643167593880389 0.6794158553546592 0.10561543810848399 0.17107093184979136
2 0.7103616133518775 0.6001390820584145 0.10326842837273986 0.21835883171070924
2 0.762778164116829 0.8435326842837273 0.09075104311543811 0.1849791376912377
2 0.8249739221140474 0.6474269819193323 0.08527468706536866 0.20445062586926283
2 0.9305893602225314 0.7183588317107094 0.09622739916550771 0.2239221140472879
0 0.8530210623539619 0.43965630208850975 0.04023852224838137 0.05887406205072921
2 0.7992510016503727 0.3554600628116605 0.08653062748988205 0.10318787219643923
2 0.691710880243194 0.3222247052023779 0.09009155866230528 0.15319917221802645
2 0.5533977730204526 0.0717031038800849 0.15915182178789108 0.1434062077601698
2 0.6598623478694301 0.11756725140698605 0.08429959510226198 0.1524498424837841
2 0.9036771250832999 0.12984075567474837 0.12572267200595974 0.2002519117371741
2 0.9258421048300153 0.4160071972862584 0.10755465582012733 0.18862438137824142
2 0.34099968841100664 0.13167929679987872 0.102858922405943 0.17192844035003035
2 0.05984874826147427 0.07788595271210014 0.11969749652294855 0.15577190542420027
2 0.04967837273991656 0.347009735744089 0.09779207232267038 0.1515994436717663
2 0.15803198887343534 0.26981919332406124 0.10639777468706535 0.14464534075104316
