0 0.4779119522138782 0.5599058581755473 0.0778484491271002 0.14356560466039675
0 0.38659644161661916 0.5405177712964941 0.07471471302331324 0.12855864945019882
0 0.5591717425346389 0.5128317080342564 0.04043087938833331 0.12959662349391657
2 0.36575850185317627 0.427394805074001 0.09994319568433514 0.07241449099070416
2 0.5116839661401784 0.29189758739551863 0.06424919722564404 0.12541891223132265
2 0.4948867903949119 0.11870004193321602 0.06676877358743404 0.16871829859689824
2 0.39914288864689323 0.13325759424578024 0.06088976207659066 0.13811011168330167
0 0.2000255395701105 0.46824474135390937 0.04870187050402691 0.0750958547454384
0 0.5710579922624515 0.8377449734205505 0.08986191756414215 0.17585880641584795
3 0.7981005258493892 0.8780230249760689 0.01786502393628794 0.057076018501764025
2 0.6777410416181793 0.21411589473925982 0.04894689353739494 0.11305319242232917
