3 0.30504641190303117 0.7808179950242731 0.1080898259207894 0.0863748103878811
3 0.27213524354299756 0.1455755231256423 0.06059581150104858 0.06405323017528258
3 0.4394561104355328 0.21254026376343776 0.06550898540653904 0.06405323017528261
3 0.5801486084326632 0.5375096238485253 0.0710649743068965 0.0872878876335212
2 0.5797570244637464 0.9683747246462167 0.05529660344238316 0.06325055070756662
2 0.5966889301689723 0.8312048556418553 0.032577843888535865 0.15622123969941157
2 0.5193165509336997 0.14821966400749056 0.048438109992165156 0.10440151140887512
2 0.5936883392845019 0.20461172126483912 0.06601299945834896 0.1287872658985394
2 0.7860808471659443 0.049538021827873154 0.08483780649025106 0.08897912200930083
3 0.7212657786972032 0.8225817833554833 0.09384772842384194 0.07530364274729891
3 0.10183287795567766 0.8697285703311559 0.0743275026728039 0.13512394710636527
3 0.05186128011351007 0.9324380264468172 0.05585060935301084 0.13512394710636555
2 0.8797520796583287 0.5110935525910123 0.046192233299482834 0.10221871051820258
