2 0.0657162726008345 0.7712100139082058 0.09388038942976357 0.1265646731571627
2 0.05319888734353269 0.9436717663421419 0.07979833101529903 0.10431154381084838
2 0.2683414464534075 0.7941585535465925 0.07979833101529903 0.12795549374130744
2 0.3086317802503477 0.9513212795549373 0.08840403337969406 0.09735744089012527
2 0.3919506258692628 0.7719054242002781 0.07197496522948547 0.13073713490959663
2 0.37200104311543813 0.4951321279554938 0.11030945757997217 0.16968011126564675
2 0.23548331015299026 0.5375521557719054 0.08918636995827538 0.08484005563282344
2 0.15724965229485396 0.694019471488178 0.10326842837273992 0.13073713490959668
2 0.09544506258692628 0.5180806675938804 0.08449235048678722 0.10152990264255912
2 0.22374826147426982 0.17593880389429764 0.1502086230876217 0.1933240611961057
2 0.41620305980528516 0.26912378303198886 0.10483310152990256 0.1432545201668985
2 0.282821616972949 0.3605434898898042 0.0759190525960613 0.10780916954020618
2 0.5691382878916312 0.2889450337829497 0.07082692101949611 0.13249829233567328
2 0.4964596826624752 0.4555966126523523 0.10600892100303681 0.16788603500917604
2 0.5087502366040934 0.6308070874241838 0.07314152628157117 0.1143929356189976
2 0.5849007497263623 0.7678317189390259 0.0754561315436463 0.13167532157582443
2 0.5325906708034663 0.8806692398219093 0.0810111841726264 0.11192402333945083
2 0.6994089012517385 0.8372739916550764 0.06258692628650891 0.1251738525730181
2 0.7095792767732962 0.5674547983310153 0.08762169680111256 0.14742698191933243
2 0.7659075104311543 0.2663421418636996 0.10326842837273986 0.18497913769123783
2 0.8492263560500696 0.5097357440890125 0.11813282336578595 0.18776077885952716
2 0.8621349095966622 0.8296244784422809 0.11578581363004176 0.21557719054242
2 0.5006954102920723 0.06258692628650904 0.07510431154381081 0.12517385257301808
2 0.40172983310152993 0.061891515994436715 0.06493393602225311 0.11821974965229484
2 0.6469923504867872 0.04033379694019471 0.11109179415855344 0.08066759388038942
2 0.866046592489569 0.10222531293463141 0.10483310152990256 0.1265646731571627
2 0.893037204450626 0.32892906815020856 0.07119262865090406 0.14047287899860916
2 0.9576668984700973 0.6397774687065368 0.08466620305980527 0.19193324061196107
