3 0.7098894338784143 0.1728238595682695 0.16155944729283775 0.21232645604101685
2 0.33504697399529965 0.7024643271567418 0.06811552628392249 0.12344561397733543
2 0.5122796054913311 0.7212750873818595 0.08134184206720846 0.11404023386477646
2 0.5979200001881076 0.7189237423537199 0.05819578944645812 0.10463485375221765
2 0.49301092082198317 0.864209824624931 0.08663236838052285 0.10698619878035742
2 0.7535693417527161 0.9453312280957514 0.2030239472734391 0.10933754380849706
2 0.33528710510629844 0.9482704093809261 0.09919736837464445 0.10110783621000792
2 0.2195568420025465 0.7766222223267263 0.08597105259135851 0.12226994146326532
2 0.20837317025443078 0.558618360235561 0.05908797879515316 0.10713228826435418
2 0.41385605006954107 0.5917941585535467 0.09231571627260088 0.1265646731571627
2 0.324278511821975 0.3734353268428373 0.07432197496522953 0.1126564673157163
2 0.5857525244628058 0.5598176296796175 0.07453028943881619 0.13661314613491782
2 0.5814288418332495 0.14525433911333127 0.060179736813951126 0.14895770753265133
2 0.46454127609846013 0.2456567718148974 0.06990107891466614 0.1275604677765799
2 0.5504131313214441 0.392145567068002 0.06480894733810104 0.12426858473718426
2 0.44833903926393487 0.45510283019644304 0.07915949996296633 0.11850778941824196
2 0.237047983310153 0.22461752433936025 0.07666898470097358 0.1321279554937413
2 0.09896557719054243 0.26912378303198886 0.08058066759388041 0.10987482614742695
2 0.3309885524767305 0.05966538008904543 0.08054826312021138 0.11933076017809086
