2 0.10131258692628652 0.4061196105702365 0.10248609179415859 0.21696801112656466
2 0.13065020862308763 0.23852573018080667 0.09700973574408903 0.14603616133518776
2 0.19519297635605007 0.39916550764951325 0.06649860917941589 0.1168289290681502
2 0.32897253129346316 0.24130737134909597 0.0758866481223922 0.11543810848400554
2 0.28868219749652296 0.40472878998609174 0.06415159944367176 0.13908205841446453
2 0.43184979137691243 0.44993045897079276 0.09857440890125169 0.17385257301808069
2 0.38882127955493745 0.6008344923504868 0.08762169680111263 0.16133518776077885
2 0.552720792767733 0.6119610570236439 0.08527468706536859 0.14464534075104318
2 0.6536422114047288 0.6884561891515995 0.07901599443671764 0.17246175243393602
2 0.6387778164116829 0.4853963838664812 0.07432197496522938 0.16968011126564675
2 0.7217054937413075 0.3191933240611961 0.08371001390820552 0.1933240611961056
2 0.4752694714881781 0.24826147426981918 0.07275730180806683 0.16828929068150214
2 0.5695410292072323 0.30737134909596664 0.06258692628650912 0.10848400556328233
2 0.5492002781641169 0.47426981919332406 0.11735048678720446 0.17802503477051468
2 0.8566585535465925 0.3894297635605007 0.12047983310152986 0.16411682892906818
