2 0.05437239221140473 0.9123783031988872 0.0696279554937413 0.11682892906815014
2 0.19245479833101534 0.8789986091794159 0.10952712100139085 0.12239221140472893
2 0.3829537552155772 0.9221140472878999 0.09935674547983318 0.15299026425591108
2 0.4893515299026426 0.9527121001390821 0.07745132127955494 0.0945757997218358
2 0.6192194019471489 0.805980528511822 0.11656815020862311 0.16828929068150217
2 0.47957232267037553 0.6731571627260083 0.11735048678720439 0.17524339360222527
2 0.2808588317107093 0.5305980528511821 0.17054937413073712 0.1905424200278164
2 0.2350921418636996 0.7246175243393602 0.08058066759388041 0.10570236439499311
2 0.4232440890125174 0.21627260083449237 0.08762169680111263 0.17941585535465926
2 0.29846140472879 0.13004172461752433 0.11187413073713494 0.18497913769123783
2 0.5413769123783032 0.4415855354659249 0.1063977746870654 0.20723226703755224
2 0.9020340751043117 0.6773296244784422 0.1251738525730181 0.27260083449235056
2 0.9442802503477051 0.3929068150208623 0.10639777468706527 0.21279554937413078
