3 0.8161169115074799 0.5467705795101204 0.15721617610685143 0.20900321543408368
2 0.4097393589108975 0.5543342740365985 0.09530361117981691 0.17684887459807058
2 0.20765396440186965 0.3533696438115183 0.1279990106356666 0.1879792233489983
2 0.45738776898342803 0.2349740291862478 0.11617301508780599 0.18797922334899822
2 0.5666043161019044 0.10140984417511748 0.07721679445955978 0.16077170418006428
2 0.6852120949789758 0.3351471679445956 0.12243383626020282 0.19045263418253772
2 0.5064308681672025 0.724833044768736 0.09460796438288398 0.16695523126391307
2 0.6605166336878554 0.8021271333168438 0.11060784071234217 0.18797922334899822
2 0.2612153722483304 0.855923818946327 0.10226007914914667 0.18921592876576823
2 0.43165378396003334 0.9437299035369776 0.11618290801405635 0.11254019292604496
2 0.2239982686124165 0.6239178827603264 0.08486890922582244 0.12738065792728165
2 0.29251947811031415 0.5738313133811526 0.06330385852090031 0.11872372000989358
2 0.3370408731140242 0.17190205293099184 0.09112973039821917 0.1558248825129854
2 0.22573738560474893 0.08471432104872618 0.0980861983675489 0.14716794459559732
2 0.05832998392282958 0.08762057877813505 0.11665996784565916 0.1752411575562701
2 0.8469152210734545 0.2580393227546022 0.11665996784565921 0.2588424437299036
2 0.9621181672025724 0.3529806719715572 0.07576366559485535 0.17863015423250353
2 0.9531752411575561 0.5908360128617364 0.08139067524115759 0.2041800643086816
2 0.6633340032154341 0.05305466237942122 0.07325160771704191 0.10289389067524116
2 0.8080285369774919 0.0860128617363344 0.08952974276527342 0.13987138263665597
