2 0.3057593551201125 0.5308161401025421 0.06990107891466618 0.12344561397733543
2 0.4115368155969418 0.6065294500086411 0.08147410522504138 0.13167532157582443
2 0.5217120260717136 0.6234003505855436 0.07499321049123125 0.1538955320917448
2 0.6133703944498852 0.5950078593707565 0.0805482631202112 0.14978067829250016
2 0.5182401181786012 0.37321723959147723 0.0736044473339863 0.1802305964069096
2 0.5948535523532849 0.4053130992255845 0.06295726312844102 0.1456658244932557
2 0.4770401445136654 0.1999818946432833 0.052310078922895825 0.10863214030005511
2 0.3615413419361209 0.35099702907555697 0.10739768416028177 0.16377118120993164
2 0.049768642345137476 0.8221889376270461 0.09953728469027495 0.17973681395100016
2 0.22681742805178132 0.8430512463892157 0.13059002888627366 0.18080667593880378
2 0.46037498662672505 0.9438322456403124 0.09508398416604258 0.11233550871937524
2 0.1089253236332513 0.3375414571520274 0.0854552262758104 0.1315930244998396
2 0.1411214828287151 0.5397453728469027 0.11133251310580931 0.15085054028030379
2 0.10621723547662353 0.15406012624371457 0.09688937627046112 0.13694233443885742
2 0.316846314325452 0.1396169894083663 0.10411094468813524 0.1358724724510538
2 0.39963974454987605 0.7510760342685026 0.07128984207191116 0.09628757890232166
2 0.5510149286895836 0.8004542798594366 0.09721342100715169 0.14237394145386006
2 0.7772027841100805 0.82162108780275 0.06480894733810118 0.12179967245763777
2 0.6758647365259111 0.9481528421295192 0.07406736838640128 0.10369431574096169
2 0.8949930458970792 0.5069541029207233 0.09857440890125176 0.17941585535465931
2 0.8891255215577191 0.6912378303198888 0.07275730180806676 0.14186369958275385
2 0.9588404033379695 0.9269819193324063 0.08231919332406107 0.1460361613351877
