2 0.3101061838022895 0.4070824863592597 0.14503316572162187 0.18294639991441097
2 0.1683829036054349 0.38622017759708993 0.09388038942976357 0.14550123034128595
2 0.3585508719375201 0.6376377447309296 0.13239542099069218 0.1711779180485717
2 0.5174253771263507 0.6210548839199744 0.09869476837487966 0.20006419171926815
2 0.5717074997325345 0.40119824542633997 0.10952712100139074 0.19043543382903608
2 0.5825398523590457 0.12998823151813416 0.0902696052209265 0.19150529581683962
2 0.41644377875254096 0.19150529581683962 0.08906601048464743 0.21611212153632178
2 0.7548946185942014 0.5569701508505404 0.1089253236332513 0.19257515780464324
2 0.6279755536535787 0.6210548839199742 0.09809297100674015 0.15726971220712527
2 0.5966820905103242 0.8528939766770085 0.1029073499518563 0.19578474376805388
2 0.7411134588638066 0.9518562105488391 0.07642826575371771 0.09628757890232166
2 0.7784248956884561 0.2562319460789558 0.10050016047929802 0.20648336364608963
2 0.1209612709960415 0.11714988766449126 0.10110195784743765 0.16154916015833953
2 0.2882910292072323 0.07440890125173853 0.10092141863699582 0.14881780250347706
2 0.9408466620305981 0.18567454798331018 0.11830667593880378 0.24339360222531295
2 0.9165073018080667 0.5674547983310153 0.11969749652294866 0.22531293463143243
2 0.9471053546592489 0.8310152990264257 0.10578929068150203 0.21279554937413067
2 0.831232614742698 0.7559109874826145 0.0852746870653685 0.15159944367176637
