3 0.791317246998214 0.8149303355251789 0.1523010262445375 0.16870900576902514
2 0.2792941585535466 0.8303198887343533 0.09544506258692635 0.14464534075104296
2 0.45884040333796944 0.9054242002781641 0.09779207232267034 0.1418636995827539
2 0.5898817802503477 0.866481223922114 0.11265646731571628 0.13630041724617528
2 0.7361787204450627 0.4339360222531293 0.09544506258692635 0.16411682892906818
2 0.9106397774687065 0.5660639777468707 0.07510431154381095 0.13630041724617528
2 0.9678372739916551 0.3546592489568846 0.06432545201668986 0.17524339360222535
2 0.9141602920723227 0.19471488178025034 0.08371001390820582 0.1696801112656467
2 0.6911943671766342 0.31015299026425597 0.08996870653685676 0.1557719054242003
2 0.572279207232267 0.16968011126564672 0.09779207232267026 0.1808066759388039
2 0.5136039638386649 0.40959666203059814 0.09153337969401953 0.1182197496522948
2 0.47740585214507325 0.7138119182625441 0.08364983417139187 0.12410399058521449
2 0.6302623836525089 0.6645982668235797 0.1029073499518563 0.18615598587782167
2 0.32623435326842837 0.5813630041724618 0.09857440890125173 0.1446453407510431
2 0.32388734353268434 0.35257301808066754 0.09075104311543811 0.13212795549374132
2 0.051243045897079294 0.9005563282336578 0.08840403337969403 0.13769123783032
2 0.08214534075104311 0.6356050069541029 0.10483310152990263 0.13073713490959676
2 0.706209211511715 0.0636567882743126 0.08364983417139187 0.1273135765486252
2 0.2552222638279662 0.1602653257729753 0.06078153418209048 0.12838343853642878
2 0.1541203059805285 0.22766663100460038 0.08124264469883384 0.1519204022681074
2 0.16862362255269073 0.7601780908724314 0.07638197364847628 0.1045172865008108
2 0.15843935939956055 0.4923011085416135 0.08564039469677637 0.11521590637884628
