2 0.19136593998600537 0.7592514665249529 0.08243213996989499 0.11937192896302662
2 0.3125575629881026 0.8388327525003041 0.09225848778087585 0.14072300568812082
0 0.6781200418003315 0.6048030026001521 0.08776524326901708 0.15453401685645113
0 0.7153497220515337 0.4120907116172028 0.10204284265249342 0.18812836834698385
0 0.5593459523173717 0.3482614437851904 0.03947336300137607 0.09481072531772593
0 0.8109482636248334 0.923623098320669 0.06815777081252321 0.09188198698265382
0 0.7718625277560405 0.8311668489193735 0.06234336382377705 0.07695116409797265
0 0.9017983728239909 0.2769667645108374 0.06340933843838073 0.16871829859689824
2 0.24061954255094142 0.45539009798277846 0.1091816423442317 0.13587048825059944
2 0.4300686728267758 0.5284346810848346 0.05513672938383706 0.158192068463198
