2 0.46133786241574837 0.31111586605327907 0.11253610784208838 0.19578474376805385
2 0.5732721728896972 0.45019792446774365 0.08846421311650793 0.14657109232908952
2 0.44418663742377235 0.6930565956991548 0.07101208944046221 0.1166149566705895
2 0.60179736813951 0.8914090082379373 0.13480261046325026 0.21718198352412543
2 0.7892572483149672 0.8341713918904462 0.10411094468813516 0.20755322563389314
2 0.2816411682892907 0.4340430084519096 0.15887450518883064 0.21611212153632173
2 0.1865571841232481 0.608965443457794 0.10591633679255373 0.12303412859741095
2 0.33159034984486996 0.6437359580614099 0.10471274205627473 0.1326628864876431
2 0.24914411040975715 0.8716165614635711 0.10711993152883277 0.15619985021932167
2 0.6610744089012518 0.15138547127420562 0.07883545522627593 0.152990264255911
2 0.7712033272707821 0.12035947362790198 0.10290734995185602 0.167968332085161
2 0.5410158339574196 0.1390820584144645 0.12878463678185517 0.19257515780464318
2 0.3923718840269605 0.12142933561570558 0.10711993152883288 0.14015192040226812
2 0.7745132127955493 0.4338290360543489 0.08786241574836823 0.18294639991441108
2 0.8680024339360222 0.4930458970792769 0.08996870653685661 0.16550764951321276
2 0.9423244089012519 0.8602225312934632 0.10248609179415852 0.19888734353268434
2 0.9658814325452016 0.1043115438108484 0.06823713490959663 0.16133518776077885
2 0.9588404033379695 0.3915159944367177 0.08231919332406107 0.16828929068150209
2 0.16898470097357443 0.17315716272600834 0.11735048678720447 0.1599443671766342
2 0.044593184979137696 0.525730180806676 0.0782336578581363 0.10013908205841439
2 0.0762778164116829 0.9061196105702365 0.09622739916550765 0.18776077885952716
2 0.031684631432545206 0.3588317107093185 0.06336926286509041 0.11961057023643949
2 0.6876738525730183 0.6022253129346314 0.06884561891516 0.1251738525730182
2 0.42441759388038947 0.5333796940194715 0.0664986091794158 0.1182197496522948
