2 0.35117191036202483 0.6604834130243353 0.10647184205545177 0.17200088880842068
2 0.20141694990576983 0.5238702668894174 0.10693476310786677 0.13414423385537105
2 0.24557961830616157 0.2217906197792792 0.060642657866366 0.13414423385537105
2 0.1571616972948951 0.21520685370048798 0.09026960522092647 0.14895770753265133
2 0.38237278929479634 0.19792446774366104 0.10739768416028184 0.15883335665083817
2 0.38515031560928636 0.4201265729028647 0.08332578943470131 0.12591452625688213
2 0.4647727366246677 0.5135337541457151 0.0629572631284411 0.11521590637884635
2 0.5693928944704594 0.3279538477997876 0.062031421023610915 0.13249829233567334
2 0.34533910510159566 0.9288130292730699 0.1314695788858621 0.1423739414538602
2 0.042637343532684294 0.7357440890125173 0.07588664812239224 0.1974965229485396
2 0.10248609179415855 0.9492350486787204 0.10326842837273992 0.10152990264255919
2 0.4883817102978331 0.25512093555315973 0.05369884208014085 0.11192402333945072
2 0.6633658681107061 0.20080486540313217 0.10462015784579187 0.11356996485914854
2 0.6809568681024762 0.3904996255483042 0.09999094732164153 0.1555414736114426
2 0.6874377628362864 0.6015916254495477 0.11295273678926179 0.14978067829250022
2 0.6815864407337606 0.7419410588341795 0.11804486836582676 0.18434545020615417
2 0.7596488178025035 0.920723226703755 0.11891515994436702 0.1251738525730181
2 0.8241915855354659 0.7573018080667595 0.08058066759388026 0.16272600834492365
2 0.7745132127955494 0.5744089012517385 0.07510431154381081 0.09457579972183588
2 0.9286335187760778 0.5591098748261474 0.14082058414464527 0.22253129346314324
2 0.8671992659100823 0.3234604274510127 0.09489881574507648 0.19175218704479427
2 0.7709950127971952 0.15389553209174475 0.04490334208425566 0.21068051452131903
2 0.972922461752434 0.36717663421418634 0.05415507649513202 0.2225312934631432
2 0.9434979137691237 0.7941585535465925 0.08449235048678716 0.18636995827538227
