2 0.8085448539638387 0.3894297635605007 0.08058066759388041 0.18358831710709317
2 0.9431067454798332 0.38873435326842837 0.10718011126564661 0.19332406119610568
2 0.8820844923504868 0.11474269819193322 0.0930980528511823 0.17107093184979136
2 0.7549547983310154 0.5493741307371349 0.10170375521557716 0.16133518776077893
2 0.8414029902642559 0.7461752433936022 0.08371001390820582 0.14325452016689838
2 0.9533640472879 0.6620305980528512 0.05259040333796932 0.1974965229485396
2 0.762778164116829 0.9276773296244784 0.12360917941585527 0.1446453407510431
2 0.7017559109874827 0.7273991655076495 0.10170375521557716 0.13630041724617528
2 0.6012256606397774 0.8038942976356048 0.09622739916550771 0.1974965229485396
2 0.6473835187760778 0.5563282336578581 0.07275730180806668 0.18358831710709317
2 0.5519384561891516 0.3623087621696801 0.08683936022253129 0.1321279554937414
2 0.647383518776078 0.282336578581363 0.10718011126564683 0.17524339360222535
2 0.5941846314325452 0.11474269819193324 0.13377955493741311 0.13490959666203062
2 0.7526077885952712 0.12030598052851182 0.0813630041724619 0.08484005563282337
2 0.3982093184979138 0.07858136300417246 0.10639777468706534 0.14603616133518776
2 0.39899165507649514 0.33657858136300417 0.12047983310152986 0.1863699582753825
2 0.5022600834492351 0.5702364394993046 0.1236091794158554 0.13073713490959668
2 0.37943786982248523 0.6755273185143733 0.09721342100715169 0.11933076017809086
2 0.3368491330003045 0.5232777279423263 0.08517747364436143 0.08476598826443699
2 0.2335274687065369 0.6223922114047288 0.11343880389429767 0.11543810848400547
2 0.28594401947148823 0.7732962447844227 0.10092141863699589 0.12795549374130744
2 0.15607614742698192 0.47426981919332406 0.05085187760778858 0.14186369958275385
2 0.05711057023643951 0.23087621696801114 0.11109179415855357 0.18636995827538247
2 0.1615525034770515 0.0549374130737135 0.09779207232267037 0.109874826147427
2 0.2957232267037552 0.1655076495132128 0.09231571627260081 0.10013908205841446
2 0.07627781641168291 0.7420027816411684 0.11343880389429765 0.1460361613351877
2 0.05359005563282337 0.4860917941585535 0.0508518776077886 0.12378303198887344
2 0.41307371349095967 0.9158553546592489 0.09231571627260081 0.12656467315716285
