2 0.474095966620306 0.9269819193324063 0.10170375521557716 0.14325452016689852
2 0.32075799721835885 0.7698191933240612 0.1048331015299027 0.17107093184979136
2 0.4960013908205842 0.6272600834492351 0.1063977746870654 0.16689847009735742
2 0.3837360917941586 0.5146036161335188 0.08371001390820582 0.13630041724617528
2 0.3062847705146036 0.2468706536856745 0.09309805285118224 0.14881780250347704
2 0.44084666203059814 0.07162726008344925 0.09935674547983311 0.1432545201668985
2 0.4858310152990264 0.2600834492350487 0.11265646731571621 0.16133518776077888
2 0.5625 0.4297635605006954 0.09700973574408898 0.1446453407510431
2 0.6708536161335188 0.08066759388038942 0.12282684283727406 0.1502086230876217
2 0.5679763560500696 0.1863699582753825 0.08136300417246183 0.17524339360222535
2 0.6700712795549376 0.5006954102920723 0.1353442280945758 0.2642559109874826
2 0.8617437413073713 0.17941585535465926 0.16194367176634217 0.24756606397774686
3 0.97644297635605 0.07649513212795549 0.04711404728789986 0.08066759388038942
2 0.0508518776077886 0.8720445062586927 0.1017037552155772 0.12517385257301797
2 0.09544506258692628 0.7246175243393602 0.07197496522948539 0.1390820584144646
2 0.07001912378303199 0.433240611961057 0.14003824756606398 0.16550764951321276
2 0.06454276773296243 0.08692628650904032 0.12752086230876214 0.16550764951321276
2 0.6172635605006954 0.8150208623087621 0.11422114047287892 0.18636995827538244
2 0.7643428372739917 0.7684283727399165 0.1470792767732962 0.21835883171070933
2 0.9541463838664812 0.8803894297635605 0.06354311543810837 0.14186369958275377
2 0.8515733657858137 0.6057023643949929 0.10874478442280947 0.1404728789986091
2 0.805806675938804 0.43115438108484005 0.1048331015299027 0.16411682892906826
