2 0.6810239916550764 0.8101529902642559 0.11030945757997208 0.22948539638386647
2 0.8633084144645341 0.8456189151599444 0.0930980528511823 0.1780250347705146
2 0.850008692628651 0.56884561891516 0.10248609179415866 0.16689847009735742
2 0.7608223226703755 0.40264255910987484 0.10092141863699566 0.1905424200278164
2 0.9325452016689849 0.3650904033379694 0.11265646731571635 0.16828929068150203
2 0.5984874826147427 0.32614742698191934 0.1236091794158554 0.19332406119610568
2 0.5621088317107094 0.6418636995827538 0.08840403337969406 0.16550764951321292
2 0.45068604899967907 0.5170642987054669 0.12156306836418103 0.1893655718412325
2 0.3540975714132877 0.7647373488819943 0.14021878677650576 0.1947148817802504
2 0.516943939231839 0.932063763774473 0.15646731571627256 0.13587247245105388
2 0.27201241039905855 0.46752968867016137 0.1131379052102279 0.1668984700973575
2 0.3312894511608003 0.2048785706643843 0.09809297100674015 0.20862308762169676
2 0.19769043543382905 0.2605113940301701 0.12818283941371564 0.22574087942655396
2 0.578327270782069 0.0920081309511073 0.11795228415534396 0.1840162619022146
2 0.7293784101850861 0.14122178239007166 0.13359901572697125 0.22895046538996466
2 0.4739154274098641 0.28190863378624154 0.08364983417139187 0.15940943618273246
2 0.13182371349095967 0.8018080667593881 0.12126216968011126 0.2072322670375523
2 0.07862482614742698 0.47009735744089015 0.14003824756606398 0.20862308762169682
2 0.9447583449235049 0.1223922114047288 0.11048331015299012 0.19749652294853967
