2 0.3250608484005564 0.6585535465924895 0.10092141863699582 0.15994436717663427
2 0.37825973574408905 0.9429763560500695 0.08527468706536859 0.11404728789986095
2 0.6196105702364395 0.7927677329624478 0.09544506258692635 0.18915159944367177
2 0.7177938108484005 0.42141863699582754 0.10561543810848406 0.1780250347705146
2 0.9168984700973576 0.2566063977746871 0.08136300417246176 0.24061196105702365
2 0.7060587621696801 0.10778859527121001 0.08996870653685676 0.1905424200278164
2 0.6113960361613351 0.19401947148817805 0.08840403337969399 0.16828929068150209
2 0.43928198887343534 0.2051460361613352 0.11656815020862311 0.1877607788595271
2 0.12360917941585535 0.10917941585535466 0.16429068150208623 0.21835883171070933
2 0.3806067454798331 0.45966620305980527 0.11187413073713487 0.15994436717663418
2 0.5433327538247567 0.5563282336578581 0.09779207232267034 0.1251738525730181
2 0.8711317802503479 0.6675938803894297 0.11656815020862311 0.152990264255911
2 0.7209231571627259 0.6780250347705146 0.0680632823365785 0.11821974965229487
2 0.7416550764951322 0.8539638386648122 0.0876216968011127 0.1446453407510431
