2 0.4716378558319823 0.5266436783501082 0.0819370262774563 0.12426858473718419
2 0.4028940795483537 0.43159055558755993 0.052772999975310736 0.10204837422126395
2 0.46037498662672505 0.3394754384376723 0.07175276312432616 0.08476598826443695
2 0.6402198154899555 0.2604702454921776 0.05555052628980086 0.11933076017809081
2 0.6112872497140177 0.413131321444149 0.05786513155187606 0.11192402333945069
2 0.5758737892042695 0.13496720461522 0.06017973681395105 0.12509155549703316
2 0.5564311050028394 0.5402803038408045 0.05369884208014085 0.12262264321748662
2 0.6267951049699204 0.6340989704635794 0.056476368394630966 0.11439293561899724
2 0.5730962628897796 0.7958127247738886 0.0796224210153813 0.14978067829250036
2 0.6723928286327987 0.8200903621894312 0.08008534206779629 0.1506036490523492
2 0.45389409189291496 0.13949354379438894 0.10323139468854677 0.19010624552509645
2 0.3427930393133132 0.30285323962439614 0.08378871048711649 0.14484285373340683
2 0.22937738147163628 0.09464163738262378 0.10971228942235677 0.1629482104500827
2 0.21896165779229862 0.34317880685699237 0.0851774736443614 0.1563644443712915
2 0.09952802626922662 0.28227897062817353 0.09536173679749155 0.12838343853642875
2 0.10299993416233921 0.12344561397733537 0.08008534206779631 0.12673749701673098
2 0.1901077885952712 0.6050069541029208 0.10639777468706535 0.1502086230876217
2 0.22636839463093872 0.8843726082412292 0.0842516315395314 0.12591452625688204
2 0.03442280945757997 0.7204450625869262 0.06884561891515995 0.2336578581363004
2 0.6262604311543811 0.03755215577190543 0.1243915159944367 0.07510431154381086
2 0.7931974186572534 0.15794708044792397 0.06587722668982793 0.14876779120345543
2 0.8400745340199381 0.3472755733867896 0.07223603235486933 0.15193306335672052
2 0.7743002691114386 0.7107751561587016 0.07267860522915612 0.13743611689476665
2 0.8774668548526471 0.8712050760836467 0.0773078157533061 0.14731176601295345
2 0.9631432545201669 0.5424200278164117 0.07371349095966621 0.18358831710709325
2 0.9258652508826362 0.12784850754252702 0.10651813416069345 0.1957847437680539
2 0.9682284422809458 0.7461752433936022 0.06354311543810837 0.15159944367176637
2 0.8726964534075105 0.6230876216968011 0.07745132127955486 0.17246175243393594
