2 0.33967295142003606 0.7067343697278434 0.06342018418085611 0.09381866662277488
2 0.40494481981055214 0.6408967089399313 0.06434602628568598 0.10204837422126395
2 0.5132683460756639 0.7499403346199109 0.08749207890643645 0.13085235081597546
2 0.4743829776728033 0.48453226456863985 0.08841792101126643 0.15142661981219802
2 0.57576268815169 0.5162166388228226 0.07082692101949618 0.17035494728872272
2 0.26838310934812487 0.508398416604258 0.08749207890643639 0.12673749701673095
2 0.33052563142431546 0.88099019841825 0.0870291578540214 0.11933076017809086
2 0.17753022360115545 0.7991046078132843 0.09582465784990658 0.14319691221370917
2 0.2520605130399717 0.9658467134662706 0.09119544732575648 0.06830657306745891
2 0.3705683024582136 0.25676687707285756 0.09582465784990653 0.1728238595682695
2 0.513147986602036 0.1551299882315181 0.08008534206779629 0.13085235081597546
2 0.6108243286616026 0.3481166314160858 0.1643369736073277 0.14484285373340675
2 0.23377513146957887 0.33042276007933435 0.08147410522504135 0.12756046777657992
2 0.4409323024252948 0.03250734501403166 0.06064265786636597 0.06501469002806332
2 0.6904467496769839 0.07200994148677897 0.06619771049534606 0.14072799993416232
2 0.15077999992945962 0.5502147365846948 0.09309291493620485 0.14108070168838324
2 0.07041029207232267 0.7809457579972183 0.09544506258692628 0.14881780250347704
2 0.11633668968241558 0.3079145097974669 0.07082692101949617 0.12426858473718426
2 0.7405116614956672 0.1997432331229272 0.0806408473306945 0.1315930244998395
2 0.7748141114796192 0.4837915908847758 0.09628757890232166 0.17117791804857185
2 0.7185460575585749 0.6478014336150636 0.11313790521022782 0.1722477800363754
2 0.6255683641810207 0.902107628115973 0.08124264469883379 0.1594094361827325
2 0.7353963838664811 0.8566384936343211 0.09267679469348437 0.18829570985342883
2 0.8443217074997326 0.8454049427623838 0.0902696052209265 0.12303412859741102
2 0.8837394351128703 0.6980849470418314 0.06198512891836941 0.11661495667058944
2 0.9156346956242645 0.5659569915480902 0.08485342890767072 0.15192040226810746
2 0.9164170322028456 0.42398630576655605 0.06499411575906705 0.15940943618273246
2 0.8882529153739168 0.21664705253022362 0.09628757890232137 0.15512998823151813
2 0.9709666203059806 0.8379694019471488 0.058066759388038916 0.17663421418637001
