2 0.20106050069541032 0.8984700973574408 0.08918636995827535 0.1418636995827539
2 0.03364047287899861 0.920027816411683 0.06728094575799722 0.08762169680111256
2 0.11539464534075104 0.5180806675938804 0.09779207232267036 0.17385257301808069
2 0.17406988873435328 0.36717663421418634 0.07745132127955494 0.1279554937413074
2 0.03950799721835884 0.22739916550764952 0.06493393602225314 0.17385257301808063
3 0.11656815020862309 0.14951321279554938 0.08605702364394993 0.10431154381084841
2 0.3583101529902643 0.7552155771905424 0.09388038942976358 0.20305980528511824
2 0.4709666203059805 0.8525730180806675 0.09075104311543818 0.17802503477051473
2 0.6219575799721836 0.911682892906815 0.10326842837273986 0.17663421418637001
2 0.5585883171070932 0.6592489568845619 0.1470792767732962 0.24200278164116823
2 0.3911682892906815 0.5403337969401947 0.09544506258692628 0.17663421418636993
2 0.4134648817802503 0.3741307371349096 0.10561543810848406 0.20584144645340754
2 0.44514951321279556 0.15299026425591097 0.12047983310152986 0.17246175243393602
2 0.2769471488178025 0.37134909596662036 0.10952712100139088 0.1891515994436718
2 0.32662552155771907 0.16828929068150209 0.06962795549374136 0.11682892906815022
2 0.6082666898470098 0.24826147426981918 0.11813282336578582 0.2517385257301808
2 0.7271818497913769 0.3588317107093185 0.08840403337969406 0.21140472878998612
2 0.7925069541029208 0.5354659248956884 0.07197496522948527 0.20584144645340757
2 0.9391950625869263 0.6495132127955494 0.09466272600834486 0.16968011126564683
2 0.8054155076495132 0.1258692628650904 0.09935674547983296 0.17107093184979136
2 0.8926460361613353 0.2997218358831711 0.09700973574408892 0.16828929068150214
