2 0.455711057023644 0.6328233657858137 0.12126216968011136 0.20027816411682892
2 0.32075799721835885 0.4853963838664812 0.09075104311543811 0.20584144645340757
2 0.20536335187760785 0.4478442280945758 0.08371001390820584 0.16133518776077885
2 0.2436978442280946 0.23783031988873432 0.11030945757997217 0.17246175243393602
2 0.35087795549374134 0.219749652294854 0.06493393602225314 0.14186369958275383
2 0.49052503477051457 0.19193324061196107 0.11578581363004169 0.16133518776077885
2 0.6688977746870655 0.32058414464534074 0.07197496522948534 0.14603616133518782
2 0.47761648122392214 0.42211404728789986 0.09153337969401953 0.13490959666203067
2 0.578537899860918 0.4833101529902643 0.07275730180806676 0.11821974965229494
0 0.7021981786390975 0.6769270018605468 0.04059461536562367 0.05824100762007603
2 0.7706915996596857 0.7795464170172162 0.061044534384396484 0.1291947817659188
2 0.8662553647971637 0.9274744421391933 0.06467813762156326 0.125318938312941
2 0.9054982797585615 0.7472477215757365 0.03560931172423139 0.12919478176591867
2 0.8847867413067126 0.5831703487330198 0.09011336028172835 0.12144309485996359
2 0.7779588061340185 0.5857542443683381 0.0683117408587296 0.12402699049528194
2 0.7961268223198508 0.4113412889843478 0.08139271251252879 0.14728205121314736
2 0.7532503041212866 0.19816989907058186 0.10319433193552754 0.144698155577829
0 0.8430389522443614 0.08332681190819612 0.05547157604668314 0.07950448108671923
2 0.1271296940194715 0.6988873435326843 0.06493393602225313 0.13490959666203053
2 0.060631084840055645 0.9687065368567453 0.09153337969401948 0.06258692628650905
2 0.4387067204425303 0.9256161043982724 0.08902327931057834 0.14876779120345546
3 0.04032042366534716 0.6548625227345672 0.08064084733069432 0.10591633679255373
2 0.09075104311543811 0.8484005563282336 0.06728094575799722 0.10292072322670379
2 0.04772253129346315 0.43115438108484 0.0954450625869263 0.15299026425591095
2 0.9553198887343533 0.3393602225312935 0.08936022253129337 0.17802503477051468
2 0.9862221835883171 0.5452016689847009 0.02755563282336567 0.1502086230876217
2 0.6579450625869263 0.19401947148817805 0.07510431154381088 0.1043115438108484
