3 0.7361324283398213 0.8034005151796958 0.13378418414793727 0.16294821045008276
3 0.3460956434077576 0.8165185647420556 0.032870133899290506 0.032000553637404325
3 0.5038895655537359 0.26869995309066663 0.1023055525837168 0.16870900576902506
3 0.6776811675169643 0.38997672258858485 0.09187202424851691 0.11205063422558124
2 0.21279554937413075 0.7273991655076495 0.10326842837273986 0.1585535465924896
2 0.4025121696801113 0.5987482614742698 0.11813282336578582 0.10152990264255919
2 0.6074843532684284 0.5208623087621697 0.09779207232267041 0.17107093184979136
2 0.5315977051460361 0.6787204450625869 0.0852746870653685 0.1279554937413073
2 0.6313456189151601 0.7016689847009735 0.054763560500695405 0.12656467315716263
2 0.5668028511821975 0.9367176634214186 0.08683936022253129 0.1265646731571627
2 0.4338056328233658 0.9005563282336578 0.06962795549374129 0.1460361613351877
2 0.10053025034770513 0.5890125173852574 0.10248609179415855 0.15994436717663418
2 0.05789290681502087 0.36856745479833103 0.10796244784422811 0.14186369958275377
2 0.18111091794158554 0.23296244784422812 0.11813282336578582 0.1627260083449235
2 0.28477051460361613 0.11126564673157163 0.10796244784422811 0.16133518776077888
2 0.30393776077885953 0.34214186369958277 0.09466272600834486 0.17246175243393605
2 0.4467141863699583 0.4255910987482615 0.08292767732962446 0.18080667593880392
2 0.6180458970792767 0.10292072322670374 0.131432545201669 0.1752433936022253
2 0.911422114047288 0.3567454798331015 0.12986787204450623 0.1710709318497914
2 0.8644819193324063 0.44019471488178025 0.09857440890125176 0.1321279554937413
2 0.9294158553546593 0.6543810848400556 0.08605702364395 0.14881780250347704
2 0.8711317802503477 0.911682892906815 0.08058066759388026 0.15716272600834486
2 0.8484440194714881 0.6578581363004173 0.07901599443671771 0.18080667593880384
2 0.692759040333797 0.9485396383866481 0.09935674547983311 0.10292072322670379
2 0.9442802503477051 0.15716272600834494 0.10013908205841446 0.20305980528511822
2 0.82653859527121 0.16828929068150209 0.08840403337969391 0.16411682892906815
2 0.03520514603616134 0.13421418636995827 0.07041029207232267 0.16550764951321276
2 0.2843793463143255 0.5611961057023644 0.08371001390820582 0.14325452016689844
