3 0.5613807993325073 0.04368075571505712 0.06801378539328183 0.0696359873718302
3 0.4680844026150212 0.15604791715596494 0.05804317811049714 0.18801716590394155
3 0.2223801517178248 0.13547364815974242 0.025994797558688915 0.04937824559093416
2 0.10678894297635605 0.8504867872044506 0.09153337969401948 0.10431154381084838
2 0.4330232962447845 0.6008344923504868 0.10405076495132136 0.1446453407510431
2 0.31645514603616137 0.3796940194714882 0.1275208623087622 0.17246175243393605
2 0.04733136300417247 0.5159944367176634 0.06649860917941587 0.07788595271210014
2 0.13065020862308763 0.4603616133518776 0.0891863699582754 0.1641168289290681
2 0.2182672762136761 0.8205923743529394 0.07267860522915623 0.10534025726065935
2 0.26826274987449694 0.6732806083399858 0.07730781575330628 0.14813473677280237
2 0.30622227617252756 0.5313181522660501 0.06804939470500614 0.10616322802050845
2 0.2853908288138522 0.9502102690291414 0.07360444733398623 0.09957946194171712
2 0.5330535918558813 0.7288311346297865 0.06897523680983618 0.11933076017809086
2 0.515462591864111 0.6012706668532067 0.052310078922895895 0.12262264321748645
2 0.6430806675938804 0.4054242002781641 0.10326842837273993 0.17107093184979139
2 0.6243045897079277 0.6564673157162726 0.09231571627260081 0.20027816411682892
2 0.4670549374130738 0.40751043115438107 0.11265646731571628 0.17246175243393602
2 0.6755476356050071 0.15159944367176634 0.10561543810848399 0.2086230876216968
2 0.8887343532684284 0.5848400556328234 0.09388038942976365 0.22670375521557723
2 0.914942628650904 0.37552155771905427 0.08683936022253136 0.1668984700973574
2 0.7768602225312935 0.38456189151599446 0.09700973574408919 0.1877607788595271
2 0.8402294853963838 0.13004172461752433 0.08605702364394986 0.15159944367176634
2 0.15454441288316406 0.06045669812736167 0.06623331980707031 0.10825230764166331
2 0.08066599186509553 0.28099865034087324 0.09447368416632809 0.15632568593676166
2 0.3222941569534043 0.10855419532994355 0.10879309100628592 0.15136430053048466
2 0.40765158211050995 0.04625020293987031 0.06278178374275782 0.09250040587974065
