3 0.17054937413073717 0.521557719054242 0.228442280945758 0.2336578581363004
2 0.04420201668984701 0.14951321279554938 0.08840403337969402 0.20166898470097358
2 0.10053025034770513 0.33240611961057026 0.1713317107093185 0.13073713490959668
2 0.022296592489568848 0.4874826147426983 0.044593184979137696 0.1821974965229486
2 0.20849269819193325 0.728789986091794 0.11969749652294852 0.13073713490959663
2 0.0950538942976356 0.9276773296244784 0.1431675938803894 0.1446453407510431
2 0.24995653685674554 0.9109874826147427 0.1447322670375522 0.1780250347705146
2 0.3845184283727399 0.6196105702364395 0.11969749652294852 0.16550764951321284
2 0.4486700278164117 0.43880389429763555 0.12282684283727391 0.2656467315716272
2 0.5018689151599444 0.7899860917941587 0.09779207232267041 0.1474269819193323
2 0.4169853963838665 0.9123783031988872 0.11265646731571628 0.17524339360222527
2 0.6262604311543811 0.8122392211404729 0.08996870653685676 0.24756606397774675
2 0.6211752433936022 0.4297635605006954 0.12360917941585527 0.1557719054242002
2 0.5619861576318194 0.22713992971829708 0.08517747364436126 0.15801038589098929
2 0.7054916838804717 0.2542979647933109 0.08610331574919144 0.14648879525310465
2 0.7432197496522949 0.06189151599443672 0.1251738525730181 0.12378303198887344
2 0.9180719749652294 0.050764951321279554 0.12282684283727406 0.10152990264255911
2 0.8308414464534075 0.2573018080667594 0.1220445062586927 0.17246175243393605
2 0.8374913073713492 0.44714881780250354 0.12595618915159945 0.16550764951321284
2 0.7917246175243394 0.7336578581363004 0.11422114047287905 0.21557719054242
