3 0.35001114959198903 0.5144415013525614 0.07348764388554059 0.15841602852820544
2 0.34980118489517315 0.12317928879862039 0.0705481381301189 0.10152959561583255
2 0.22613197847064914 0.05599058581755473 0.07600722024733052 0.10152959561583258
2 0.49559122816470236 0.46802387119289335 0.05839254881860377 0.0932072079487498
2 0.4709918139815458 0.39491584789659906 0.06236821171689151 0.06714452894886236
3 0.44873266564986863 0.2573813508982309 0.08417857667293277 0.11990094455154011
3 0.6210069057436637 0.06811597768507177 0.06255077920703692 0.10012228045275609
2 0.606119358663022 0.203937595840245 0.04800945415152654 0.07304002426471548
2 0.7438581705645726 0.7461768838162065 0.07808827853890535 0.1160852569850394
2 0.17556663211494647 0.6033338658014796 0.06610516634703524 0.11196190336254609
2 0.14388721053336345 0.21269358541517136 0.054236864280868706 0.11683967625473411
2 0.7518835792974881 0.17730352175558997 0.046612162693114384 0.11123463049087542
