2 0.2614809564566171 0.731464641061303 0.1041109446881352 0.11982454263400029
2 0.4326923076923076 0.9026425591098747 0.10591633679255373 0.16047929817053586
2 0.4378075853214935 0.731464641061303 0.09207499732534508 0.11768481865839292
2 0.6282764523376484 0.6795763346528298 0.19498234727720123 0.24713811918262543
2 0.3270768695838237 0.47876323954209904 0.10411094468813527 0.16368888413394672
2 0.18414999465069004 0.5579330266395635 0.10591633679255376 0.138012196426661
2 0.6039036589279982 0.3305873542313041 0.15225473413929613 0.19899432973146458
2 0.42577163795870326 0.238044292286295 0.12818283941371555 0.210762811597304
2 0.47872980635498025 0.516208409115224 0.09809297100674008 0.16796833208516104
2 0.26900342355836093 0.17920188295709852 0.11674868941906492 0.19150529581683962
2 0.5211565208088155 0.07863485610356265 0.08665882101208928 0.1487108163046967
2 0.691465175992297 0.11073071573766985 0.1335990157269712 0.18936557184123248
2 0.8229579009307798 0.19311008879854497 0.07402107628115956 0.15726971220712524
2 0.7260685246603191 0.3958489354873221 0.11133251310580945 0.19899432973146464
2 0.7808320851610142 0.6387076067187332 0.08966780785278687 0.1818765379266074
2 0.8680024339360222 0.8831710709318498 0.14316759388038933 0.2336578581363004
2 0.7463490959666202 0.8762169680111265 0.11891515994436716 0.24756606397774686
2 0.589490611961057 0.9304589707927677 0.11969749652294859 0.1390820584144646
2 0.0844923504867872 0.7642559109874827 0.1689847009735744 0.235048678720445
2 0.06023991655076494 0.28789986091794156 0.1204798331015299 0.18080667593880392
2 0.9188543115438108 0.4860917941585535 0.12126216968011122 0.24061196105702365
2 0.921201321279555 0.20375521557719053 0.08683936022253136 0.17385257301808069
