2 0.23229378410185084 0.952391141542741 0.09628757890232162 0.09521771691451804
2 0.3661936985128918 0.8571734246282229 0.11855408152348353 0.16154916015833976
2 0.30330587354231303 0.6977639884454905 0.08064084733069428 0.12089440462180377
2 0.2750213972397561 0.5073285546164544 0.09147319995720551 0.14871081630469682
2 0.4402147747940516 0.5602867230127313 0.08726061838022886 0.16475874612175026
2 0.5738137905210228 0.42173959559216856 0.10050016047929809 0.16582860810955388
2 0.8112228522520595 0.45811490317749004 0.1372097999358084 0.17224778003637525
2 0.6640833957419493 0.631432545201669 0.08244623943511271 0.14015192040226807
2 0.7573619878035734 0.6169894083663207 0.07763186048999686 0.13694233443885737
2 0.830179469348454 0.7576762597624906 0.09688937627046129 0.12303412859741115
2 0.7850446667379907 0.9293891088049642 0.08726061838022872 0.1412217823900717
2 0.5714066010484647 0.906922007061089 0.18234460254627152 0.18615598587782187
2 0.5235637102813737 0.6276880282443564 0.06017973681395098 0.13694233443885723
2 0.34663528404835775 0.38301059163367923 0.12758104204557608 0.11126564673157162
2 0.3159436182732427 0.1610142291644378 0.14322777361720337 0.12303412859741096
2 0.7092181983524125 0.240718947255804 0.092074997325345 0.19471488178025032
2 0.5837434470953248 0.11126564673157162 0.12998823151813418 0.11340537070717875
2 0.8367992403979886 0.13319781748154486 0.14021878677650562 0.23857922328019682
2 0.9572757301808068 0.7573018080667595 0.08544853963838663 0.21279554937413067
0 0.9062569833816879 0.9252995771829456 0.031336194317323415 0.041781592423098174
2 0.04850486787204451 0.741307371349096 0.09700973574408903 0.1947148817802504
2 0.05632823365785814 0.47357440890125174 0.0719749652294854 0.23504867872044508
2 0.0762778164116829 0.13977746870653684 0.11656815020862307 0.26008344923504867
