2 0.7103616133518775 0.700278164116829 0.11578581363004176 0.23226703755215566
2 0.8586143949930459 0.7371349095966621 0.08840403337969406 0.15855354659248946
2 0.9403685674547984 0.9005563282336578 0.0891863699582754 0.14881780250347718
2 0.8406206536856746 0.5292072322670376 0.12439151599443676 0.1877607788595271
2 0.9325452016689847 0.3094575799721836 0.09544506258692621 0.19332406119610568
2 0.9071192628650906 0.09527121001390819 0.09779207232267041 0.16550764951321276
2 0.7807719054242003 0.21627260083449237 0.10796244784422825 0.2239221140472879
2 0.6078755215577191 0.3942976356050069 0.1251738525730181 0.19888734353268425
2 0.5695410292072322 0.7677329624478442 0.10326842837273992 0.20862308762169693
2 0.39586230876216966 0.8525730180806675 0.07979833101529905 0.13351877607788595
2 0.24995653685674546 0.5931849791376912 0.1525556328233658 0.1655076495132127
2 0.1337795549374131 0.433240611961057 0.14707927677329624 0.1905424200278164
2 0.24917420027816412 0.17593880389429764 0.16507301808066754 0.24339360222531298
2 0.5249478442280946 0.10361613351877606 0.10013908205841446 0.17107093184979136
2 0.30159075104311545 0.4534075104311544 0.10248609179415859 0.13908205841446444
2 0.19793115438108486 0.799721835883171 0.07979833101529905 0.1307371349095965
2 0.4420201668984701 0.6634214186369958 0.09075104311543811 0.13630041724617514
2 0.06336926286509041 0.674547983310153 0.07823365785813631 0.13073713490959676
2 0.08410118219749654 0.13977746870653684 0.0743219749652295 0.1627260083449235
2 0.49130737134909597 0.4068150208623088 0.07510431154381081 0.19610570236439492
