3 0.25923578935240427 0.43370559044037166 0.09073252627334152 0.07571330990609901
3 0.15160664466591503 0.4604521401354609 0.05323592102772588 0.041971508752294044
2 0.14720889466797243 0.9419805614306523 0.07036399996708118 0.08147410522504131
2 0.19002909201636065 0.7880850293389077 0.0856403946967764 0.1670630642493272
2 0.24465377620133155 0.556830245821366 0.08656623680160636 0.13085235081597552
2 0.3719570656154586 0.789319485478681 0.07823365785813621 0.13990502917431358
2 0.3613098814099135 0.9539136374484615 0.08286286838228644 0.09217272510307709
2 0.3515885393091983 0.6127922574910913 0.06619771049534606 0.10287134498111286
2 0.424498605064562 0.6531178247236875 0.054624684184970816 0.12756046777657978
2 0.5092131576565084 0.5922179884948688 0.0833257894347014 0.15224959057204684
2 0.5476356050069541 0.7724485849017785 0.08517747364436133 0.13579017537506885
2 0.47055924977985525 0.7963147369373966 0.06619771049534613 0.09793352042201946
2 0.4781974471447029 0.9370427368715589 0.06851231575742105 0.1259145262568822
2 0.30228744722699996 0.2600587601122532 0.08702915785402147 0.15636444437129146
2 0.3886222235023989 0.20821160224177235 0.07360444733398616 0.12179967245763758
2 0.47241093398951534 0.248948654854293 0.07360444733398637 0.13579017537506893
2 0.5386086444848615 0.3863847717490597 0.08008534206779622 0.12097670169778872
2 0.5936962497222473 0.20862308762169676 0.07915949996296646 0.18187653792660746
2 0.3879278419237764 0.3810354618100419 0.09073252627334157 0.1481347367728025
2 0.1756785393914954 0.37280575421155276 0.12452576309963703 0.20080486540313225
2 0.16109652624042264 0.18434545020615417 0.10647184205545178 0.12344561397733537
2 0.7071119075639242 0.6884150406136069 0.09767634205956653 0.15389553209174472
2 0.5999456839298499 0.6805968183950424 0.06573478944293115 0.12179967245763748
2 0.6281838681271654 0.45222243253697186 0.08425163153953143 0.15883335665083798
2 0.8149725127766209 0.3189011694414497 0.11248981573684674 0.160479298170536
2 0.6943815786225115 0.4123083506843001 0.06480894733810118 0.2254939881985992
2 0.818675881195941 0.4995432512282838 0.113415657841677 0.16130226893038496
2 0.788354552262758 0.6686637423772334 0.04629210524150082 0.12097670169778879
2 0.8242309338249211 0.8093917423113957 0.06342018418085615 0.12426858473718426
2 0.722619762819827 0.9033009357177539 0.08702915785402154 0.1571874151311404
2 0.610592868135395 0.9423920468105769 0.06388310523327106 0.11027808181975289
2 0.8408960917118614 0.9497987836492169 0.0865662368016065 0.10040243270156608
2 0.9391950625869263 0.3602225312934631 0.10874478442280947 0.1808066759388039
2 0.9305893602225314 0.6196105702364395 0.0852746870653685 0.1460361613351877
2 0.9478876912378302 0.7920723226703755 0.10422461752433933 0.12378303198887351
2 0.15529381084840058 0.6175243393602227 0.11030945757997218 0.1585535465924896
2 0.037552155771905425 0.2573018080667594 0.07510431154381085 0.27260083449235056
2 0.049287204450625864 0.8045897079276773 0.09857440890125174 0.12378303198887337
2 0.03872566063977747 0.6105702364394994 0.0696279554937413 0.15577190542420027
