2 0.6126899005028352 0.4253359778127084 0.07082692101949611 0.13661314613491782
2 0.5601483610537319 0.579231509904453 0.05555052628980093 0.10534025726065956
2 0.45275067689345005 0.665643439688588 0.08425163153953143 0.11686184789854409
2 0.3805349927167089 0.7109068314802776 0.08702915785402134 0.12179967245763762
2 0.5957932820896875 0.7343614981359713 0.08702915785402127 0.10780916954020625
2 0.6957842294113291 0.7619310185909094 0.06666063154776111 0.10040243270156622
2 0.7159212951913819 0.5261498958941988 0.06434602628568598 0.13743611689476679
2 0.812440334619911 0.5026952292385052 0.06480894733810104 0.12673749701673104
2 0.7879055188419156 0.35332603632592935 0.08517747364436147 0.13414423385537116
2 0.49671428924130323 0.3324801869789566 0.07869657891055142 0.13332126309552225
2 0.41686040769971444 0.40037527466649103 0.10878644731752672 0.1555414736114426
2 0.34371888141814316 0.47073927463357224 0.10137971047888666 0.14648879525310463
2 0.3527458419402359 0.2641736139114977 0.08888084206368141 0.10698619878035728
2 0.46569857872949766 0.19380961394441656 0.08239994732987135 0.13249829233567334
2 0.5758737892042696 0.1275604677765799 0.09165836837817153 0.10204837422126391
2 0.6411456575947858 0.21561833908041236 0.0694381578622513 0.11850778941824196
2 0.7297950391322595 0.2584128185925554 0.07638197364847628 0.12344561397733532
2 0.7693747891137427 0.09423015200269934 0.07962242101538124 0.11603887713869526
2 0.31455485511599773 0.09546460814247268 0.06990107891466611 0.1300293800561266
2 0.391862670869304 0.13496720461522 0.047680868398745704 0.1102780818197529
2 0.5460153813235016 0.8629753684851578 0.06064265786636604 0.1259145262568819
2 0.7487748022812749 0.9423920468105769 0.09397297364024652 0.10863214030005508
2 0.3513570787829909 0.9238752047139767 0.11017521047477179 0.1242685847371841
2 0.29326048670490734 0.7399412398877467 0.0680493947050061 0.12015373093793996
2 0.3309885524767305 0.6308976142077671 0.04444042103184078 0.05349309939017857
2 0.7975921418636998 0.7719054242002781 0.0743219749652296 0.16411682892906826
2 0.09388038942976357 0.7628650904033378 0.11578581363004173 0.09874826147426986
2 0.08996870653685676 0.4388038942976356 0.10639777468706538 0.1627260083449235
2 0.23743915159944368 0.4485396383866481 0.10718011126564676 0.12378303198887344
2 0.11422114047287903 0.2760778859527121 0.08762169680111268 0.10709318497913767
2 0.07275730180806676 0.06606397774687066 0.14394993045897078 0.13212795549374132
