3 0.4602503540356902 0.019308160134916555 0.07940876514503593 0.03861632026983311
3 0.3738977731044292 0.1269274133459269 0.059823643696708756 0.16142887981651546
2 0.5504131313214441 0.3744516957312504 0.1055459999506217 0.1645941519697805
2 0.5795771576235896 0.15019216367242472 0.09165836837817168 0.14566582449325574
2 0.6830400128383438 0.33536058463842777 0.09489881574507648 0.15224959057204693
2 0.7781702891096279 0.4818493798915324 0.07036399996708113 0.135790175375069
2 0.8161298154076586 0.3431788068569923 0.08795499995885138 0.14648879525310463
2 0.7557186180675001 0.0666606315477611 0.06527186839051609 0.1333212630955222
2 0.820527565405601 0.21068051452131903 0.09119544732575662 0.1316753215758244
2 0.43792331558459724 0.3193126548213741 0.0851774736443614 0.1283834385364287
2 0.3506626972043684 0.38268140332973966 0.07267860522915616 0.13167532157582432
2 0.33492338142225814 0.5892470640518142 0.07730781575330628 0.15801038589098923
2 0.42287838138110956 0.5921274617112853 0.06249434207602612 0.12920640929627752
2 0.543006394482804 0.6316300581840326 0.08425163153953143 0.12426858473718426
2 0.46917048662261024 0.751051345145707 0.08749207890643645 0.12426858473718426
2 0.3701053814057987 0.8197694035930904 0.11248981573684681 0.17117791804857177
2 0.6017973681395099 0.7370608422282757 0.09351005258783146 0.1752927718478162
2 0.567309749734592 0.8724395322234202 0.07175276312432623 0.12179967245763748
2 0.9086839360222531 0.8219749652294854 0.10718011126564676 0.18080667593880392
2 0.9489742698191934 0.6620305980528512 0.0531988873435327 0.14742698191933243
2 0.9341098748261474 0.4318497913769124 0.0641515994436719 0.13769123783031986
2 0.9474095966620305 0.2642559109874826 0.06728094575799716 0.11961057023643953
2 0.20356027437845137 0.5344207520306804 0.11758194731341193 0.14566582449325588
2 0.150680802561085 0.8835496374813804 0.1495234999300475 0.1950440700841898
2 0.027772948539638388 0.825452016689847 0.055545897079276776 0.10987482614742702
2 0.20810152990264258 0.3226703755215577 0.10796244784422808 0.15577190542420025
2 0.23470097357440892 0.06954102920723226 0.1048331015299026 0.13908205841446453
3 0.12694719629688478 0.10983494371829583 0.02670698379317349 0.036084102547221074
2 0.07236613351877608 0.04242002781641168 0.060239916550764966 0.08484005563282336
2 0.039116828929068155 0.4624478442280946 0.07823365785813631 0.2767732962447845
