3 0.46452347144259803 0.2870901843011363 0.07656002020709735 0.27284645961144377
3 0.15692133444075654 0.8063112994518379 0.08154532384848982 0.053176572174851916
3 0.16101640528904315 0.7325604582807634 0.04842866394495467 0.060140170912035135
3 0.20819874332364974 0.7075548082699697 0.03525321860698906 0.13547364815974233
2 0.6762937560601237 0.8934143050431171 0.10755465582012719 0.14599010339548799
2 0.2631530679942965 0.5432964464574772 0.0952004048137614 0.17958074665462698
2 0.2384445659815645 0.3404606390849848 0.08938663963429505 0.13307062521889634
2 0.22100327044316542 0.2203094920426804 0.06903846150616286 0.11239946013634931
2 0.13815711663577007 0.39472244742667073 0.06758502021129625 0.09431219068912064
2 0.17412978868371806 0.5290850204632261 0.062497975679263205 0.12790283394825955
2 0.42266825010590425 0.7984561404451668 0.05087044532033055 0.10852361668337139
2 0.3783382906124734 0.6873486281264767 0.06976518215359619 0.1007719297774166
2 0.4386561043494367 0.5794709853519345 0.07557894733306242 0.12531893831294114
2 0.5749162257431791 0.47482321212154033 0.06903846150616282 0.15374179030144333
2 0.6068919342302441 0.5600917680870466 0.05741093114723014 0.1899163291959006
2 0.6345073188327092 0.7616356276418799 0.06903846150616288 0.12273504267762292
2 0.5741895050957458 0.707373819300194 0.06758502021129623 0.14082231212485127
2 0.5156884929773657 0.596266306981504 0.05523076920493033 0.12015114704230449
2 0.26089271242855216 0.909563652763857 0.11046153840986057 0.12402699049528224
2 0.07085526312474608 0.8850166442283325 0.14171052624949215 0.13694646867187402
2 0.030119958275382476 0.6244784422809458 0.06023991655076495 0.1502086230876217
2 0.034031641168289294 0.4561891515994436 0.06493393602225313 0.10013908205841446
2 0.09857440890125176 0.18289290681502088 0.09857440890125176 0.12100139082058414
2 0.2178807371349096 0.09179415855354658 0.08683936022253132 0.11961057023643949
2 0.10444193324061196 0.049374130737134904 0.10405076495132129 0.09874826147426981
2 0.020731919332406125 0.14047287899860916 0.04146383866481225 0.12517385257301808
2 0.32779902642559117 0.07093184979137691 0.1017037552155772 0.13351877607788595
2 0.3540073018080668 0.37134909596662025 0.07432197496522953 0.15577190542420025
2 0.3536161335187761 0.5618915159944367 0.04224617524339358 0.0945757997218358
2 0.5492002781641168 0.2809457579972184 0.06884561891515993 0.14186369958275383
2 0.5879259388038943 0.18497913769123783 0.04772253129346304 0.11126564673157163
2 0.6203929068150209 0.07579972183588317 0.07197496522948547 0.10709318497913768
2 0.5409857440890126 0.05146036161335187 0.05867524339360223 0.0890125173852573
2 0.45884040333796944 0.0674547983310153 0.04928720445062588 0.11821974965229484
2 0.9165073018080667 0.12100139082058414 0.15099095966620296 0.22531293463143254
