2 0.5557345595321396 0.375099597920405 0.11027345876767412 0.18730717308832648
2 0.5808463372713129 0.1358704882505995 0.14193613504750124 0.2329208370010277
2 0.4451881466586049 0.1596478236944544 0.09007485493399123 0.1601330754382065
3 0.45910880605749455 0.019895321493837784 0.09498802883948165 0.03590862903765844
2 0.7963741747080968 0.5193197123301945 0.10918164234423187 0.22127479515097634
2 0.5549156972145578 0.659353275885997 0.1523083910702033 0.21156976027593358
2 0.3236040156522803 0.5770442892634615 0.08843713029882767 0.18342515913830928
2 0.694941153521035 0.36102729735159295 0.0938962124160392 0.14751653010065094
2 0.234131547003348 0.07999052097166537 0.11945487092007553 0.15007071191144297
3 0.1334745577658233 0.11451941152550528 0.03766766660875996 0.05240718832523124
