2 0.15607614742698192 0.9255910987482615 0.11969749652294853 0.14603616133518785
2 0.19832232267037553 0.7510431154381084 0.08371001390820583 0.1418636995827539
2 0.07080146036161335 0.6571627260083449 0.0930980528511822 0.1460361613351877
2 0.04498435326842838 0.4485396383866481 0.08996870653685676 0.1877607788595271
2 0.12947670375521558 0.3929068150208623 0.07119262865090403 0.10431154381084845
2 0.18971662030598055 0.3171070931849791 0.11656815020862306 0.1780250347705146
2 0.08683936022253129 0.109874826147427 0.10639777468706538 0.13351877607788595
2 0.061413421418637 0.2573018080667594 0.09935674547983311 0.13630041724617528
2 0.3117611265646732 0.10222531293463144 0.06493393602225311 0.10431154381084841
2 0.3731745479833102 0.3004172461752434 0.14707927677329624 0.20305980528511822
2 0.394297635605007 0.06050069541029207 0.08918636995827534 0.12100139082058414
2 0.5136039638386649 0.19888734353268428 0.11030945757997224 0.22253129346314324
2 0.6853268428372741 0.282336578581363 0.10013908205841439 0.17524339360222535
2 0.2949408901251738 0.6648122392211405 0.09075104311543811 0.12239221140472878
2 0.4251999304589708 0.6446453407510431 0.08996870653685676 0.14881780250347704
2 0.3982093184979138 0.8643949930458971 0.08605702364394986 0.12378303198887337
2 0.5148376484433508 0.6426660960736065 0.06258692628650905 0.12303412859741095
2 0.5831416497271852 0.6303626832138655 0.03791323419278918 0.07916978709746453
3 0.5500427944795121 0.46025462715309723 0.15105113940301698 0.13694233443885737
3 0.7618754680646197 0.50304910666524 0.14864394993045876 0.18829570985342892
2 0.6580654220605541 0.4779073499518562 0.030089868406975456 0.09949716486573223
2 0.6704022681074142 0.7362790200064191 0.06559591312720656 0.10698619878035742
2 0.8012931956777575 0.7678399486466244 0.08906601048464723 0.17866695196319668
2 0.9282423504867873 0.8205841446453408 0.11343880389429771 0.18915159944367177
2 0.816759388038943 0.30111265646731566 0.07666898470097351 0.09596662030598051
2 0.7400904033379695 0.12656467315716274 0.0844923504867873 0.13351877607788595
2 0.8828668289290681 0.18150208623087621 0.08371001390820582 0.14603616133518782
2 0.6145253824756607 0.050764951321279554 0.08996870653685676 0.10152990264255911
2 0.5898817802503478 0.8783031988873435 0.08136300417246176 0.14325452016689838
