2 0.13025904033379695 0.47426981919332406 0.12439151599443672 0.1613351877607788
2 0.0594575799721836 0.8428372739916551 0.1189151599443672 0.19749652294853973
2 0.2053633518776078 0.6794158553546593 0.08840403337969399 0.16550764951321276
2 0.3066759388038943 0.4374130737134909 0.1189151599443672 0.1543810848400556
2 0.4130737134909597 0.40055632823365783 0.05789290681502088 0.1668984700973574
2 0.36652468706536856 0.6557719054242003 0.14786161335187756 0.19332406119610573
2 0.3571366481223922 0.890125173852573 0.08683936022253132 0.19193324061196107
2 0.245653685674548 0.9151599443671766 0.09544506258692628 0.15020862308762162
0 0.5309704471200137 0.8255301989120326 0.03240447366905066 0.03621071343335174
3 0.6020288286657174 0.8300565380912016 0.05138423681806579 0.061722806988667715
3 0.7378961575495222 0.8164775205536947 0.0833257894347014 0.12509155549703307
2 0.5081276077885952 0.5458970792767733 0.08683936022253129 0.16828929068150209
2 0.6681154381084841 0.6189151599443672 0.07823365785813628 0.13630041724617528
2 0.6231310848400556 0.37691237830319885 0.09779207232267041 0.12517385257301808
2 0.7858570931849792 0.18011126564673158 0.12595618915159945 0.18497913769123783
2 0.7702103616133519 0.5104311543810849 0.0852746870653685 0.18915159944367183
2 0.8269297635605009 0.6849791376912379 0.10013908205841446 0.15159944367176637
2 0.5914464534075105 0.13908205841446453 0.16429068150208614 0.1780250347705146
2 0.9090751043115438 0.23922114047287898 0.07666898470097365 0.13073713490959663
2 0.8863873435326843 0.5479833101529903 0.07510431154381081 0.15577190542420027
