3 0.3313242915753801 0.4169432290547242 0.08230616115180542 0.10078305447159842
3 0.28534202297271327 0.544601764718749 0.07348764388554048 0.06942832641376796
3 0.3466517144429357 0.26128940048192206 0.057530326927537484 0.08659877273115132
3 0.19219845323910614 0.0927433806106163 0.043285029805109614 0.06604017814378249
3 0.06526375191449671 0.6711049227660872 0.08042603771281413 0.11602444784799416
3 0.062412290396984475 0.5672583727192589 0.05851152224717296 0.10540742378157375
2 0.1367219236508941 0.9185172875372704 0.05812144543219182 0.06587963986348384
2 0.18314106463365135 0.7021382669660753 0.06280236721196562 0.09361843559547665
2 0.24652854706808866 0.9455626133759637 0.05539090772732372 0.10887477324807264
2 0.5822073524580673 0.6993736172461137 0.05733833804163623 0.10901363035076514
2 0.5586506130028864 0.46613945185700556 0.04937467998029788 0.1210476025323431
2 0.678105483922962 0.1578573997936405 0.06689472771524223 0.10618210748451153
