2 0.5584840472369429 0.6109624896188843 0.040313221788639525 0.12541891223132245
2 0.5379295532421571 0.27248751764543294 0.07390757327917222 0.14482898198140823
2 0.5761431280626382 0.07054813813011895 0.056270538746642555 0.12168620651015229
2 0.46549173284069567 0.5714772459111752 0.047452021480377624 0.1560270991449191
0 0.6086876560690918 0.4587495331318317 0.07012820873648722 0.12317928879862038
2 0.7258479568923252 0.8876455577927734 0.06760863237469734 0.1336308648178972
2 0.8226416821244229 0.8525581240137724 0.07894672600275214 0.16946483974113222
2 0.38192578350799516 0.5662514579015369 0.06592891480017073 0.19634032093355863
2 0.2186144787257011 0.465615499787027 0.08058729804006237 0.14326630762677744
2 0.7352963682490374 0.1269119945197907 0.05291110359758932 0.12840507680825883
