3 0.19519297635605007 0.22600834492350486 0.10092141863699582 0.196105702364395
2 0.048113699582753834 0.9311543810848399 0.06023991655076496 0.10709318497913771
2 0.14786161335187764 0.851182197496523 0.07666898470097358 0.18636995827538244
2 0.2448713490959666 0.911682892906815 0.07666898470097362 0.11821974965229487
2 0.3880389429763561 0.7433936022253129 0.07979833101529905 0.14325452016689852
2 0.46275208623087627 0.9109874826147427 0.10718011126564676 0.12239221140472878
2 0.4877868567454799 0.4902642559109875 0.12126216968011129 0.21001390820584148
2 0.39664464534075106 0.43254520166898475 0.09700973574408898 0.14742698191933237
2 0.3504867872044507 0.5305980528511821 0.10483310152990263 0.1488178025034771
2 0.03872566063977747 0.12100139082058414 0.07745132127955494 0.16411682892906815
2 0.3946888038942976 0.16689847009735748 0.15099095966620307 0.21140472878998612
2 0.5617176634214186 0.18080667593880392 0.12360917941585547 0.22253129346314326
2 0.6501216968011128 0.5479833101529903 0.15490264255910993 0.24478442280945756
2 0.650904033379694 0.7656467315716273 0.09388038942976351 0.12378303198887337
2 0.7052764255910988 0.9624478442280946 0.11030945757997217 0.07510431154381081
2 0.8652642559109874 0.9221140472878999 0.12986787204450623 0.15577190542420027
2 0.938412726008345 0.6036161335187761 0.09309805285118217 0.19471488178025048
2 0.9466272600834492 0.7767732962447843 0.07197496522948527 0.13490959666203067
2 0.9486700278164116 0.4207232267037551 0.10265994436717663 0.1738525730180806
2 0.9090751043115438 0.1787204450625869 0.10639777468706527 0.2239221140472879
2 0.8022861613351878 0.14742698191933243 0.08996870653685661 0.16411682892906818
2 0.7956363004172462 0.3497913769123782 0.0735396383866481 0.1182197496522948
