3 0.9658814325452016 0.9165507649513214 0.06823713490959663 0.16689847009735742
3 0.8020107233090008 0.30079581272477385 0.13933923677691723 0.24442231567512399
2 0.052025382475660645 0.9534075104311543 0.07901599443671767 0.09318497913769122
2 0.17876390820584145 0.9374130737134909 0.12282684283727399 0.1251738525730181
2 0.31997566063977745 0.8887343532684284 0.10013908205841439 0.2030598052851181
2 0.45531988873435325 0.8727399165507649 0.12986787204450628 0.19054242002781635
2 0.5265125173852573 0.7044506258692629 0.09544506258692621 0.15159944367176628
2 0.4314586230876217 0.6425591098748261 0.06493393602225311 0.10292072322670372
2 0.3723922114047288 0.6203059805285117 0.04850486787204453 0.08344923504867857
2 0.30237308762169685 0.7489568845618916 0.060239916550764896 0.08484005563282337
2 0.21592489568845621 0.6293463143254521 0.11735048678720447 0.15438108484005567
2 0.17837273991655075 0.3609179415855355 0.10639777468706538 0.15438108484005564
2 0.36417767732962447 0.39777468706536856 0.10405076495132129 0.1446453407510431
2 0.46392559109874826 0.23504867872044508 0.10639777468706534 0.1974965229485396
2 0.15568497913769125 0.17315716272600834 0.097009735744089 0.13490959666203062
2 0.29337621696801114 0.22739916550764952 0.10170375521557716 0.1627260083449235
2 0.6219575799721837 0.15299026425591097 0.11109179415855351 0.16133518776077885
2 0.7150556328233658 0.7190542420027817 0.0813630041724619 0.18358831710709325
2 0.8742611265646733 0.7837273991655076 0.10248609179415852 0.19054242002781635
2 0.8151947148817803 0.9443671766342142 0.09700973574408892 0.11126564673157162
2 0.6016168289290682 0.44228094575799726 0.10013908205841446 0.21696801112656472
2 0.8105006954102921 0.5 0.07823365785813635 0.12378303198887344
2 0.9564064673157162 0.566759388038943 0.057110570236439596 0.08762169680111263
2 0.9489742698191932 0.1446453407510431 0.09388038942976365 0.16689847009735742
2 0.789768776077886 0.08275382475660638 0.11343880389429771 0.12100139082058414
