3 0.04136158515660718 0.8845893076424912 0.08272317031321436 0.18017703026277757
2 0.15950194126141162 0.6935383501208817 0.043087267186319986 0.05697489875877011
2 0.21985972463398376 0.7812163887663226 0.05198959511737776 0.09179289244468535
2 0.18801716590394157 0.9699299145439824 0.055550526289800964 0.06014017091203527
2 0.2777526314490046 0.9230838866756602 0.07549174085537043 0.13990502917431344
2 0.37069293504924844 0.9215012505990278 0.06694550604155487 0.1101514709336223
2 0.37710261115961 0.6888537473340495 0.09044765177954758 0.1145828519481934
2 0.47306970625641354 0.9465069006098212 0.07086253033122027 0.10698619878035728
2 0.48072570827712324 0.7360163024176981 0.05911145746222395 0.13547364815974233
2 0.40019524981277416 0.11233550871937517 0.08656623680160642 0.11110105257960182
2 0.4029727761272642 0.23084329813761711 0.052310078922895895 0.09957946194171718
2 0.46685588136053524 0.23907300573610613 0.05323592102772601 0.10945511105990409
2 0.43051657874595706 0.34317880685699237 0.05277299997531081 0.10534025726065951
2 0.47541992083021284 0.46827036235402547 0.06758647365259123 0.07242142686670341
2 0.5596715523697442 0.488844631350248 0.04536626313667071 0.09381866662277488
2 0.5828176049904946 0.27363777764976005 0.06110557891878088 0.09299569586292594
2 0.5846692892001547 0.3777435787706462 0.07684489470089133 0.10204837422126395
2 0.5018064208178683 0.35058554369563244 0.055550526289801 0.09875649118186829
2 0.5258783155434488 0.2501831109940663 0.042588736822180805 0.10698619878035726
2 0.5101389997613385 0.15595295899136702 0.05555052628980093 0.08970381282353036
2 0.4849098024047205 0.04197150875229402 0.06990107891466607 0.08394301750458805
2 0.5596715523697442 0.039091111092822865 0.05092131576565073 0.07818222218564573
2 0.6316557760202779 0.1238570993572598 0.08193702627745637 0.19504407008418984
2 0.47697996477685145 0.6129074733974701 0.05832805260429098 0.07159845610685445
2 0.6216427936565414 0.6750417657660622 0.08749207890643639 0.1481347367728025
2 0.6069126457686957 0.824542634000214 0.06078153418209041 0.09414785492671442
2 0.6505429549588103 0.9481116935915267 0.08304803680325236 0.10377661281694657
2 0.7013855741455505 0.6149895894198879 0.08425163153953122 0.13908205841446453
2 0.8106349425154924 0.7277365835191876 0.09073252627334143 0.1571874151311404
2 0.8120653685674548 0.4603616133518776 0.1283031988873435 0.19193324061196101
2 0.9098574408901251 0.30806675938803896 0.10639777468706554 0.2044506258692629
2 0.7666898470097359 0.14534075104311545 0.1220445062586927 0.22114047287899866
2 0.924721835883171 0.09109874826147428 0.1017037552155773 0.14603616133518776
2 0.9596227399165508 0.5653685674547984 0.08075452016689838 0.196105702364395
2 0.9561022253129345 0.8609179415855354 0.08779554937413067 0.17802503477051446
