0 0.9550061311321607 0.10986659643982848 0.04444042103184074 0.06336874850836549
2 0.22883344923504867 0.6564673157162727 0.13377955493741311 0.1446453407510431
2 0.06845445062586927 0.519471488178025 0.11500347705146037 0.17941585535465918
2 0.05163421418636995 0.21418636995827534 0.10326842837273992 0.15577190542420027
2 0.1396470792767733 0.2336578581363004 0.08058066759388041 0.1279554937413074
2 0.2929850486787205 0.20236439499304587 0.10561543810848406 0.1432545201668985
2 0.32388734353268434 0.512517385257302 0.06884561891515993 0.16828929068150209
2 0.5448974269819193 0.5716272600834492 0.07432197496522953 0.13908205841446453
2 0.5448974269819193 0.7858136300417246 0.08214534075104303 0.16133518776077893
2 0.6466011821974965 0.5625869262865091 0.05085187760778865 0.12100139082058411
2 0.7084057719054242 0.7614742698191932 0.07275730180806676 0.16550764951321284
2 0.6505128650904034 0.9283727399165508 0.07275730180806683 0.14325452016689838
2 0.4228529207232268 0.3435326842837274 0.06649860917941589 0.1557719054242003
2 0.5308153685674548 0.20027816411682892 0.08214534075104311 0.20862308762169676
2 0.5558501390820585 0.40472878998609185 0.08840403337969406 0.17524339360222527
2 0.72327016689847 0.35118219749652296 0.09779207232267041 0.21557719054242008
2 0.762778164116829 0.5326842837273992 0.06571627260083446 0.10848400556328236
2 0.8347531293463143 0.7892906815020863 0.0876216968011127 0.23783031988873432
2 0.8605702364394994 0.5611961057023644 0.1063977746870654 0.17941585535465926
2 0.8699582753824757 0.35118219749652296 0.09231571627260081 0.14881780250347706
2 0.7972009735744089 0.21418636995827536 0.0735396383866481 0.14186369958275383
2 0.9489742698191934 0.9005563282336578 0.0704102920723227 0.14325452016689838
