2 0.2360341862053641 0.7299586045707795 0.10832352626511174 0.18516842096600292
2 0.37160987482614743 0.8310152990264257 0.07510431154381088 0.14881780250347718
2 0.4486700278164117 0.8803894297635605 0.0618045897079277 0.10848400556328229
2 0.3915594575799722 0.6606397774687065 0.10248609179415859 0.14186369958275377
2 0.4819193324061196 0.6801112656467316 0.06102225312934628 0.11404728789986095
2 0.5480267732962448 0.868567454798331 0.08683936022253129 0.17663421418637001
2 0.5807827072384104 0.6711498375627548 0.08139271251252879 0.14082231212485155
2 0.6876106424111044 0.6756716549245618 0.06831174085872944 0.16536932066037607
2 0.6694426262252722 0.8668799319381216 0.1061012145252608 0.14469815557782895
2 0.757012464240984 0.8068043584169693 0.044329959493430805 0.09431219068912071
2 0.8889122617501266 0.8119721496876062 0.09592712546119458 0.1692451641133536
2 0.917254367000025 0.6285155595800016 0.1104615384098605 0.14599010339548818
2 0.8562098326156282 0.44570494338122657 0.10900809711499405 0.14728205121314744
2 0.7868080107857489 0.5361412906173697 0.07921255057022904 0.09818803414209824
2 0.7664598326576167 0.33136756151838853 0.0675850202112963 0.11756725140698614
2 0.6897908043534042 0.37141794386582333 0.061044534384396484 0.10206387759507578
2 0.6926976869431374 0.20863251884076564 0.08284615380739538 0.13307062521889626
2 0.8009790634106981 0.20475667538778808 0.09883400805092776 0.1718290597486719
2 0.9158009257051585 0.26160237936479236 0.11627530358932688 0.1537417903014433
2 0.5041136789341979 0.24480705773522288 0.06758502021129623 0.15632568593676166
2 0.5055671202290646 0.10527669342803066 0.10392105258296092 0.09689608632443905
2 0.3424183348802902 0.3475169092391283 0.0857530363971286 0.13694646867187388
2 0.3166197518964083 0.5820054381442707 0.06903846150616282 0.07880881687721043
2 0.29045780858880976 0.13499149323419196 0.0792125505702289 0.12273504267762277
2 0.21814910416919708 0.18214758857875232 0.05959109308953 0.1007719297774166
2 0.14002663457011813 0.18731537984938906 0.05595748985236357 0.11885919922464523
2 0.18508331471098227 0.35526859614508344 0.10101416999322772 0.12661088613060043
2 0.20833837542884764 0.4980288299964236 0.10973481776242719 0.10464777323039427
2 0.07353169532997181 0.8158479931405839 0.0915668015765949 0.1408223121248514
2 0.07789201921457158 0.9405209575446954 0.07267206474332931 0.09302024287146153
2 0.08007218115687145 0.6601682811126517 0.09011336028172835 0.13694646867187388
2 0.051730075906973025 0.3488088570567875 0.05523076920493027 0.11885919922464527
2 0.48049525789261593 0.4902771430904685 0.06540485826899634 0.1666612684780351
2 0.6167553792863584 0.4095304044867693 0.07194534409589608 0.14728205121314744
