2 0.44070084189908726 0.20450823382245226 0.12221115783756197 0.20327377768267893
2 0.5115277629185835 0.38679625712898413 0.05369884208014092 0.09052678358337929
2 0.3451076445753882 0.4904905728699459 0.11804486836582698 0.15142661981219802
2 0.4666244208343277 0.5365769354214844 0.06203142102361113 0.11850778941824203
2 0.33746944721054056 0.6723671107965533 0.07962242101538126 0.12344561397733521
2 0.5154625918641109 0.7056974265704339 0.10137971047888662 0.17693871336751393
2 0.5830490655167021 0.5345195085218621 0.10786060521269683 0.18023059640690967
2 0.16211958176625985 0.6747043477545245 0.1333212630955222 0.16459415196978056
2 0.05319888734353269 0.9276773296244784 0.10639777468706538 0.13908205841446444
2 0.2480006954102921 0.8713490959666202 0.11422114047287898 0.18219749652294864
2 0.37786856745479835 0.8831710709318498 0.09700973574408898 0.16689847009735742
2 0.7913334492350488 0.8310152990264257 0.10561543810848406 0.196105702364395
2 0.9345010431154381 0.3463143254520167 0.10561543810848391 0.1974965229485397
2 0.7533901251738526 0.3894297635605007 0.1063977746870654 0.19471488178025026
2 0.5941846314325452 0.16063977746870656 0.17759040333796938 0.23504867872044508
2 0.8433588317107095 0.12795549374130735 0.16742002781641177 0.19193324061196104
2 0.0844923504867872 0.10987482614742698 0.1689847009735744 0.21974965229485396
2 0.09043162758927174 0.45302894388162385 0.08749207890643645 0.10863214030005515
2 0.8522654327591741 0.6255483042687493 0.11554509468278581 0.1519204022681074
2 0.9204189847009735 0.8936022253129345 0.0930980528511823 0.1821974965229485
0 0.8272043113538943 0.9715125506206148 0.03917024289665449 0.04811213672962822
0 0.6204922567947314 0.8316075214463012 0.0416628947173507 0.03924937470048604
