2 0.28046766342141866 0.8845618915159943 0.09153337969401946 0.1446453407510431
2 0.17406988873435328 0.7315716272600835 0.11343880389429764 0.1752433936022254
2 0.04263734353268428 0.7760778859527122 0.07745132127955494 0.1585535465924896
2 0.18658727399165506 0.4770514603616134 0.08371001390820584 0.13351877607788595
2 0.30393776077885953 0.48817802503477054 0.0618045897079277 0.11682892906815028
2 0.5456797635605006 0.7760778859527122 0.11969749652294859 0.20584144645340743
2 0.40877086230876214 0.9638386648122392 0.06806328233657866 0.07232267037552148
2 0.44475834492350486 0.5681502086230875 0.06962795549374129 0.16828929068150209
2 0.5319888734353269 0.46453407510431155 0.0876216968011127 0.13630041724617528
2 0.6630302503477051 0.4916550764951322 0.09779207232267034 0.18497913769123792
2 0.6677242698191934 0.7670375521557719 0.10561543810848406 0.18219749652294864
2 0.7858570931849792 0.696105702364395 0.1416029207232266 0.23226703755215566
2 0.7322670375521558 0.21696801112656466 0.12986787204450623 0.22809457579972178
2 0.8151947148817803 0.4339360222531293 0.11735048678720432 0.16411682892906818
2 0.9400643254520168 0.2795549374130737 0.11987134909596663 0.2892906815020862
2 0.11578581363004173 0.32962447844228093 0.14707927677329627 0.11126564673157163
2 0.21240438108484005 0.18776077885952713 0.09622739916550771 0.13630041724617528
2 0.2867263560500696 0.31641168289290683 0.08058066759388044 0.10152990264255916
2 0.5448974269819193 0.1168289290681502 0.10874478442280953 0.1780250347705146
2 0.9545375521557719 0.6710709318497914 0.09092489568845621 0.18497913769123778
