3 0.47374883680993607 0.4238363284728925 0.0500685046253134 0.12691199451979082
3 0.5583807607572401 0.3810537782840943 0.04748432374142631 0.11714953340288375
3 0.5397707821219266 0.5248758506384104 0.03294830626956099 0.09073346214537076
3 0.5788565179907197 0.5188460952426738 0.0335943514905329 0.13954576772990562
3 0.5326642846912369 0.6664315368335616 0.07558729085369884 0.13380314354348982
2 0.3998040052110295 0.3273904779441703 0.06693625819203212 0.10610147987089501
3 0.3895822120881083 0.17761739448000646 0.09001772653411216 0.09261897137901326
2 0.2973236186243191 0.19618345854090402 0.08657543508814758 0.1307889723606027
2 0.8971988794800495 0.5678870990825263 0.05609501153806718 0.1208200248512216
2 0.0801217777971288 0.08879881983704287 0.07099398032656982 0.14514324866765382
