2 0.8086418240418948 0.5925354659310049 0.07588124142924102 0.24165536838856624
2 0.726876783906723 0.41246398218931984 0.09771756989808736 0.18051364867579645
2 0.6297051222203566 0.402758947314277 0.09990120274497215 0.18633666960082207
2 0.465071803447064 0.5024221900695244 0.09448411356712363 0.1746906277507707
2 0.26602527086565686 0.15602709914491916 0.08944496084354366 0.18215603919311135
2 0.2704345294987893 0.3370633266216794 0.05039152723579921 0.1291516179524929
2 0.3613492432200438 0.3012293516984444 0.07180792631101397 0.18588874491428167
2 0.6355631372615181 0.7950744559077495 0.09112467841807038 0.14408244083717406
2 0.7959761656288125 0.8992169455284014 0.06928834994922398 0.17021138088536616
2 0.9064380576332692 0.9112534645189921 0.044624787633843824 0.12819484172421325
2 0.04640219799629849 0.24893414454484833 0.054590821172115875 0.27659349393872035
