0 0.27414960296984214 0.6188937005754468 0.06676877358743401 0.17618371003923883
2 0.37031343411149237 0.6592069223640863 0.08188623175817383 0.17319754546230265
2 0.45037427466995583 0.36841805467951005 0.085245666907227 0.25307744789534736
2 0.32019616264414114 0.11571387735627976 0.12219945354681318 0.20455227352013325
2 0.43336713422787354 0.14408244083717414 0.08650545508812207 0.19260761521238823
2 0.7130991524593042 0.7308846200886902 0.09498802883948188 0.21448127073844644
2 0.6391285897710872 0.5450332022316202 0.07588124142924102 0.16304458590071938
2 0.5419569280847211 0.5319314051503123 0.07915669069956799 0.17177911728825784
2 0.6769261825342369 0.05823020925025691 0.08079441533473158 0.11646041850051382
2 0.5377495835020292 0.0959838614015224 0.11158123887926984 0.18556879870961
2 0.2565768595089446 0.4556513873832604 0.07970259891128918 0.206717242838412
