2 0.26325625869262864 0.8470097357440889 0.10874478442280949 0.16689847009735742
2 0.4210801111390357 0.5725977325256402 0.09934997971060554 0.1728238595682695
2 0.30107673062837614 0.5843092394927206 0.09507686230369775 0.11015147093362244
2 0.5087553236486254 0.7240333959725619 0.08647975704456172 0.10400179932156477
2 0.6517012749987541 0.7701559330629948 0.08953198376378162 0.12751524960296165
2 0.7089665653495442 0.375886524822695 0.13791793313069903 0.18034447821681865
2 0.9553571428571429 0.40313133232016213 0.08928571428571416 0.22470238095238096
2 0.9427241641337386 0.6271535181565843 0.11455167173252277 0.18642350557244178
3 0.8000238532911493 0.5676376661991571 0.15343698854337148 0.14028524666822542
2 0.22961578581363004 0.3741307371349096 0.1243915159944367 0.1585535465924896
2 0.45805806675938804 0.2948539638386648 0.11343880389429756 0.2336578581363004
2 0.5679763560500696 0.11682892906815022 0.08605702364394993 0.16411682892906818
2 0.7760778859527122 0.09179415855354658 0.08605702364394986 0.17246175243393602
2 0.8050243393602226 0.25938803894297635 0.05163421418637 0.12656467315716274
2 0.43771731571627265 0.9450625869262865 0.09466272600834501 0.10987482614742689
2 0.24526251738525728 0.0639777468706537 0.11187413073713487 0.1279554937413074
2 0.07862482614742698 0.14255910987482617 0.15724965229485396 0.2851182197496523
2 0.04185500695410292 0.6634214186369958 0.08371001390820584 0.18358831710709325
2 0.211230876216968 0.6182197496522948 0.0735396383866481 0.12378303198887337
2 0.3203668289290681 0.1731571627260083 0.09466272600834494 0.17663421418636993
2 0.914942628650904 0.0890125173852573 0.1040507649513212 0.1780250347705146
2 0.9458449235048679 0.8184979137691237 0.0719749652294854 0.14603616133518785
