3 0.24291550764951325 0.39707927677329624 0.22453059805285122 0.2517385257301808
3 0.4201147426981919 0.1863699582753825 0.12986787204450628 0.33657858136300417
3 0.48348400556328236 0.7788595271210014 0.17993741307371353 0.25312934631432554
2 0.1224356745479833 0.8866481223922114 0.10248609179415856 0.16272600834492337
2 0.08996870653685676 0.11543810848400556 0.10952712100139082 0.1780250347705146
2 0.2405684979137691 0.17107093184979139 0.11656815020862307 0.19193324061196104
2 0.5691498609179416 0.31223922114047287 0.09466272600834494 0.22114047287899857
2 0.7041029207232268 0.454798331015299 0.08605702364394986 0.1974965229485396
2 0.7827277468706538 0.35257301808066754 0.0868393602225312 0.15994436717663418
2 0.8230180806675941 0.5166898470097359 0.07823365785813635 0.13769123783031995
2 0.6469923504867872 0.7141863699582754 0.10639777468706534 0.1655076495132127
2 0.4956102225312935 0.506258692628651 0.12282684283727406 0.14464534075104318
2 0.2792941585535466 0.7260083449235049 0.08918636995827534 0.0890125173852573
2 0.3203668289290682 0.9012517385257303 0.11343880389429771 0.1557719054242004
2 0.8249739221140473 0.7684283727399165 0.07119262865090406 0.15994436717663418
2 0.9192454798331017 0.7531293463143254 0.05632823365785811 0.10709318497913771
2 0.9587534770514604 0.8915159944367176 0.08214534075104296 0.14742698191933257
2 0.9427155771905424 0.5757997218358831 0.04224617524339351 0.12239221140472878
2 0.8840403337969402 0.43463143254520165 0.08292767732962446 0.08762169680111263
2 0.9235483310152992 0.10639777468706538 0.06493393602225311 0.20723226703755215
2 0.8124565368567456 0.1502086230876217 0.09779207232267026 0.22253129346314324
2 0.6270427677329624 0.06884561891515996 0.1650730180806675 0.13769123783031992
2 0.7267906815020863 0.9242002781641168 0.09231571627260095 0.15159944367176637
