2 0.14864394993045899 0.9429763560500695 0.0766689847009736 0.11404728789986095
2 0.2448713490959666 0.9130737134909598 0.09075104311543815 0.16550764951321284
2 0.36691585535465926 0.9325452016689847 0.06571627260083446 0.11265646731571621
2 0.3743480528511822 0.6710709318497914 0.05867524339360216 0.0848400556328233
2 0.3755215577190543 0.7906815020862308 0.06102225312934628 0.09318497913769122
2 0.5046070931849792 0.7531293463143254 0.09857440890125176 0.19054242002781635
2 0.5902729485396384 0.7983310152990265 0.08996870653685676 0.15577190542420027
2 0.22071149937042733 0.6720461522002124 0.10276847363613167 0.1917521870447944
2 0.16724411781649398 0.45848524001942215 0.0958246578499066 0.16459415196978042
2 0.3123698677485987 0.4885236727539072 0.12869205257137215 0.17858465488721179
2 0.3367750656319181 0.29750392968537825 0.11804486836582705 0.11439293561899745
2 0.46315251294121507 0.35881525129412145 0.09860218416439658 0.19257515780464327
2 0.5302760655413913 0.261704701631951 0.08656623680160642 0.17117791804857174
2 0.5520333550048966 0.45921768399568763 0.07175276312432623 0.13825908765461556
2 0.1499864209824625 0.2505945963739908 0.11295273678926185 0.1275604677765799
2 0.055937065368567455 0.5716272600834492 0.11187413073713491 0.1557719054242004
2 0.08449235048678722 0.7795549374130737 0.11265646731571628 0.13212795549374134
2 0.7600399860917942 0.9061196105702365 0.11030945757997217 0.16828929068150203
2 0.6970618915159945 0.7065368567454798 0.0657162726008346 0.13073713490959676
2 0.6403424895688457 0.4867872044506259 0.0758866481223923 0.16133518776077893
2 0.7252260083449236 0.5368567454798331 0.07510431154381081 0.15020862308762162
2 0.6954972183588316 0.3191933240611961 0.06258692628650905 0.17941585535465918
2 0.6016168289290682 0.2899860917941586 0.06102225312934628 0.1710709318497914
2 0.7807719054242003 0.36856745479833103 0.08762169680111256 0.21696801112656464
2 0.9125956189151601 0.6766342141863698 0.12908553546592486 0.21557719054241992
2 0.9403685674547984 0.4492350486787204 0.09700973574408905 0.1363004172461752
2 0.9356745479833103 0.30458970792767737 0.06415159944367176 0.11961057023643949
2 0.8750434631432547 0.8977746870653687 0.07901599443671771 0.17663421418636985
2 0.044593184979137696 0.31502086230876214 0.08918636995827539 0.2016689847009735
