2 0.14668810848400557 0.15159944367176634 0.10718011126564676 0.17246175243393602
2 0.07940716272600835 0.35952712100139084 0.13065020862308763 0.1710709318497914
2 0.10796244784422811 0.5208623087621697 0.10483310152990265 0.10152990264255905
2 0.09466272600834494 0.7399165507649513 0.18932545201668988 0.1641168289290681
2 0.09270688456189152 0.9401947148817803 0.17133171070931852 0.11961057023643945
2 0.3066759388038943 0.945757997218359 0.11422114047287905 0.10848400556328229
2 0.3203668289290682 0.7802503477051459 0.1447322670375522 0.16689847009735742
2 0.36535118219749657 0.5354659248956884 0.16116133518776082 0.18636995827538244
2 0.33757823365785816 0.20653685674547984 0.09779207232267041 0.1599443671766342
2 0.621566411682893 0.23226703755215575 0.09779207232267034 0.13351877607788598
2 0.5061717663421419 0.23504867872044508 0.0891863699582754 0.12795549374130735
2 0.47605180806675945 0.3650904033379694 0.08527468706536859 0.1210013908205842
2 0.5042159248956886 0.609874826147427 0.07432197496522953 0.1488178025034771
2 0.6243045897079277 0.39777468706536856 0.0735396383866481 0.14186369958275377
2 0.561326495132128 0.059805285118219746 0.06180458970792763 0.11961057023643949
2 0.4060326842837274 0.049374130737134904 0.0891863699582754 0.09874826147426981
2 0.660683240611961 0.07788595271210014 0.07588664812239215 0.152990264255911
2 0.7567621609664201 0.16944392531607036 0.0816163188655851 0.1838541125130382
2 0.8061978442280946 0.3400556328233658 0.08058066759388041 0.15159944367176628
2 0.672737170677172 0.6229920304777725 0.0854623481381553 0.13610670259039545
2 0.7809894783188353 0.6239416121237521 0.08047704449676289 0.1380058658823544
2 0.7219787952087907 0.8262265587857509 0.08724281372436693 0.13863892031300737
2 0.5715294531739131 0.7281031220345355 0.0883110930760936 0.15383222664867943
2 0.4515260726632536 0.9401763563032912 0.1338910120831099 0.11964728739341751
2 0.893037204450626 0.7023643949930459 0.0915333796940196 0.200278164116829
2 0.952763157916836 0.2865540259568078 0.09447368416632812 0.38261531522983633
2 0.9715298970076789 0.9160233918521529 0.0569402059846422 0.1679532162956943
3 0.8642385545629776 0.9165202948589447 0.09726876357953315 0.1669594102821104
