2 0.59831540004639 0.7772694496177672 0.1430279514709435 0.30570859856384885
2 0.7274226921184439 0.4173164996268413 0.09662575347464511 0.20768774632591636
2 0.4088574666139077 0.4855703343973431 0.12728206472835019 0.1667795093386085
2 0.4492904754952918 0.18841577000956305 0.10750517020880579 0.21275656326438702
2 0.627521489373472 0.18293990739455718 0.07369760858235637 0.15625106148818943
2 0.5394762351189345 0.3023528734787247 0.0694336730666452 0.148402557166163
2 0.333876364221611 0.6805211268682345 0.08489259493386697 0.23282196767770572
2 0.45267423335162604 0.7380364350890116 0.11853905024302158 0.14355820931905966
2 0.5401543009509961 0.5596599148279481 0.08129148834567851 0.13656970042073988
2 0.6691574887520509 0.5490810115841533 0.07012820873648742 0.20231265008743102
