2 0.5656293463143255 0.573018080667594 0.09544506258692635 0.19193324061196115
2 0.4498435326842838 0.5625869262865091 0.0891863699582754 0.1821974965229486
2 0.6634214186369958 0.3129346314325452 0.06728094575799723 0.1780250347705146
2 0.7510431154381085 0.44993045897079287 0.0719749652294854 0.12656467315716277
2 0.6051373435326842 0.8942976356050069 0.11500347705146041 0.15299026425591108
2 0.937239221140473 0.801808066759388 0.08605702364394986 0.19332406119610568
2 0.7913334492350487 0.12239221140472878 0.09935674547983311 0.16689847009735742
2 0.5542854659248957 0.2573018080667594 0.08371001390820589 0.1780250347705146
2 0.4251999304589708 0.19958275382475663 0.11813282336578582 0.1905424200278164
2 0.3332753824756607 0.42211404728789986 0.1674200278164117 0.25730180806675945
2 0.1607701668984701 0.24408901251738527 0.1306502086230876 0.14881780250347706
0 0.32179494037576845 0.18360477652229015 0.04212581576976568 0.15224959057204696
2 0.053981223922114054 0.1258692628650904 0.08449235048678722 0.20166898470097358
