3 0.4803546592489569 0.4485396383866481 0.13925591098748258 0.2684283727399166
2 0.286154648550337 0.24178880924360754 0.11373970257836746 0.16903819407296453
2 0.15014844335080774 0.48839199743233125 0.11494329731464639 0.14443136835348233
2 0.3550604472023109 0.6028672301273135 0.09869476837487966 0.19578474376805383
2 0.13991788809243605 0.8261474269819192 0.11373970257836737 0.1658286081095538
2 0.26689713276987265 0.7721193965978389 0.09207499732534508 0.13694233443885723
2 0.03129346314325452 0.6203059805285118 0.06258692628650904 0.1446453407510431
2 0.12475722362584456 0.22425953205882593 0.11156397363201684 0.18516842096600306
2 0.5315977051460362 0.7051460361613351 0.11969749652294859 0.16411682892906826
2 0.5417956778841801 0.8794031309606031 0.09151593113127468 0.11331674308688747
2 0.8284944367176635 0.7858136300417246 0.1220445062586927 0.2030598052851181
2 0.9376303894297636 0.6536856745479834 0.10718011126564676 0.2364394993045898
2 0.7948539638386649 0.4603616133518776 0.11578581363004162 0.1974965229485396
2 0.6219575799721837 0.21696801112656466 0.13925591098748277 0.2475660639777469
2 0.8793463143254521 0.2837273991655077 0.13925591098748272 0.20027816411682894
