2 0.5033481157189539 0.6272794916721806 0.13909741234655124 0.22962112514351304
2 0.6648004693354866 0.6947780092281036 0.08019391630183818 0.15266019858442362
2 0.5272927417014672 0.4075144144030481 0.09793593318277587 0.16653839845573487
2 0.5251636996757547 0.23088277967726875 0.09651657183230078 0.15392185311817916
2 0.7031969234068943 0.5112713269083212 0.12337525584898174 0.2008942219133864
2 0.6556357622771116 0.2605801863948997 0.06550898540653904 0.14654602661314656
2 0.9537016458768641 0.24466392771895873 0.06550898540653904 0.14965163481141863
2 0.763725588197901 0.9441960494685037 0.07751896606440453 0.11160790106299245
0 0.34547309149531813 0.24705807965643842 0.02675926950770716 0.05339718178408674
2 0.35101898013670507 0.5366884285898681 0.07861078248784686 0.1145194115255051
2 0.9105748971508928 0.6488786302644922 0.06769261825342383 0.16615019409899148
