3 0.5212491050192986 0.3094370057031874 0.03795952629803054 0.06912954382730781
2 0.44023792084667224 0.6810988305585504 0.06388310523327113 0.11439293561899752
2 0.5041210260799434 0.7798553217404185 0.049995473660820834 0.11933076017809086
2 0.5881411970932672 0.6592901054225544 0.0828628683822864 0.12179967245763755
2 0.4224154603286944 0.9423920468105769 0.09212128943058645 0.11521590637884643
2 0.3219615919546378 0.831290994230975 0.06897523680983621 0.10204837422126403
2 0.2629391577717243 0.7411756960275201 0.0833257894347014 0.10616322802050839
2 0.25553242093308426 0.5642369826600061 0.08239994732987135 0.1456658244932558
2 0.337237986684333 0.4423467834187851 0.08008534206779629 0.10287134498111278
2 0.3664020129864785 0.2777526314490046 0.08286286838228626 0.11933076017809086
2 0.28631667091868224 0.3238389940005431 0.07082692101949618 0.1275604677765799
2 0.42935927611491964 0.4460501518381051 0.06249434207602597 0.13002938005612655
2 0.5643007628938943 0.4900790874900214 0.062031421023610915 0.13908205841446453
2 0.665680473372781 0.4238299413221849 0.07684489470089126 0.1662400934894783
2 0.7659028812206301 0.5127107833858662 0.05786513155187606 0.13332126309552217
2 0.6719299075803837 0.6896494967533804 0.06342018418085602 0.15471850285159383
2 0.7503950259647274 0.6550847248397264 0.05462468418497096 0.13825908765461548
2 0.639525433911333 0.915234011735563 0.06897523680983618 0.12838343853642897
2 0.7251658286081094 0.9074157895169983 0.07082692101949618 0.1571874151311404
2 0.47912328924953296 0.12097670169778865 0.07036399996708113 0.13990502917431344
2 0.37959526298030627 0.1518381051921225 0.05092131576565087 0.0995794619417172
2 0.30506497354149004 0.17076643266864724 0.04721794734633079 0.0650146900280633
2 0.3099256445918476 0.034564771913653904 0.0800853420677964 0.06912954382730781
2 0.6115187102402251 0.1444313683534824 0.056476368394630896 0.13414423385537108
2 0.7017883154611516 0.09464163738262378 0.04999547366082098 0.12509155549703319
2 0.6922984338866439 0.21438388294063906 0.05416176313255576 0.11768481865839303
2 0.7728466970068553 0.17776168412736293 0.04305165787459572 0.09711054966217049
2 0.4395435392680498 0.2329007250372394 0.046755026293915876 0.10698619878035728
2 0.19501938096139443 0.3274353762210829 0.0925842104830015 0.21232645604101677
2 0.08879520166898472 0.7934631432545202 0.122826842837274 0.12378303198887351
2 0.07275730180806676 0.5250347705146037 0.11265646731571628 0.17663421418637001
2 0.03716098748261474 0.3011126564673157 0.07432197496522948 0.17941585535465926
2 0.04694019471488179 0.07232267037552155 0.09075104311543812 0.1446453407510431
2 0.15372913769123783 0.08762169680111268 0.08371001390820586 0.13351877607788595
2 0.8848226703755216 0.6981919332406119 0.07510431154381095 0.18080667593880392
2 0.8144818164610612 0.32052242183835206 0.06619771049534606 0.12509155549703316
2 0.876513237484672 0.4723605270304745 0.06897523680983611 0.1456658244932557
2 0.9348922114047289 0.19471488178025034 0.08136300417246176 0.16133518776077888
2 0.9454537552155773 0.9123783031988872 0.060239916550765 0.17246175243393608
