2 0.24534815777995406 0.7506398597657825 0.07221568417674117 0.10863214030005508
2 0.3930199735003414 0.8983631111586601 0.06017973681395098 0.094641637382624
2 0.36547617088164847 0.5032466196476038 0.08749207890643645 0.14237394145386012
2 0.454819933997745 0.29174313436643595 0.09767634205956668 0.19669001160388772
2 0.5450895392186715 0.2386615203561817 0.07175276312432616 0.17611574260766505
2 0.5571254865814617 0.4830838360313058 0.08193702627745637 0.1596563274106871
2 0.5786513155187595 0.7740039996378928 0.08610331574919136 0.13908205841446444
2 0.47680868398745785 0.7200994148677897 0.1092493683699417 0.13661314613491782
2 0.5318962892248438 0.9308704561726922 0.09906510521681162 0.12673749701673104
2 0.23909872357235146 0.5473660820831037 0.1032313946885467 0.13496720461522002
2 0.09147782916772965 0.8845207429780018 0.10924936836994177 0.13496720461521988
2 0.16022160545135833 0.7602521582408176 0.07545613154364628 0.1250915554970332
2 0.3545975261498958 0.1592448420307626 0.07036399996708113 0.15224959057204693
2 0.22544255252610873 0.09916797656179273 0.09813926311198162 0.10616322802050844
2 0.057865131551875955 0.10163688884133945 0.11573026310375191 0.2032737776826789
2 0.12885870415024153 0.35923496638164454 0.1092493683699418 0.1522495905720469
2 0.04068150208623088 0.4214186369958275 0.08136300417246176 0.1446453407510431
2 0.6973026104632503 0.27249384829357015 0.08545522627581051 0.1262437145608217
2 0.7376230341285975 0.4185300096287578 0.09749117363860066 0.12517385257301797
2 0.8197683748796405 0.5715202738846688 0.07522467101743885 0.12303412859741095
2 0.6470525302236012 0.5774045148175884 0.05957793944581155 0.14122178239007177
2 0.760190435433829 0.6822509896223388 0.08124264469883372 0.13694233443885742
2 0.6880650208623088 0.8859527121001392 0.09622739916550756 0.15020862308762176
2 0.8813021557719054 0.7538247566063978 0.08996870653685676 0.17246175243393608
2 0.95923157162726 0.9005563282336578 0.04711404728789986 0.19888734353268434
2 0.8617437413073713 0.8977746870653687 0.06336926286509041 0.09040333796940203
2 0.8442967809815254 0.24879039124662972 0.06196020240016253 0.12534477726929438
2 0.7898145340434514 0.09084331079870576 0.07121862344846278 0.12977615828386535
2 0.6459529146775567 0.026904813302752576 0.08973546554506306 0.05380962660550515
2 0.5425078641186647 0.06520460635725919 0.07798439267606667 0.11141757979492832
2 0.671235526001761 0.15921318930922998 0.07762829955882446 0.08293013041554324
2 0.9697931154381084 0.2420027816411683 0.060413769123783115 0.2280945757997218
