2 0.23375661462748226 0.47635193521574193 0.08008534206779629 0.13661314613491782
2 0.3353677856325764 0.6598744146620471 0.11387857889409186 0.17282385956826943
2 0.5022508250281866 0.4368493387429946 0.1180448683658269 0.16788603500917595
2 0.5959923381422257 0.6804486836582697 0.10924936836994185 0.1662400934894783
2 0.49902889450337823 0.7679222457226095 0.07406736838640114 0.12673749701673104
2 0.638599591806503 0.9028894503378294 0.09767634205956653 0.16130226893038482
2 0.666941933240612 0.5139082058414465 0.08840403337969406 0.1543810848400556
2 0.6442541724617524 0.27746870653685674 0.09779207232267034 0.16550764951321284
2 0.8018949930458971 0.2934631432545201 0.13143254520166905 0.22531293463143254
2 0.9474965229485397 0.4290681502086231 0.10500695410292067 0.23504867872044513
2 0.8914725312934633 0.6912378303198888 0.1384735744089012 0.200278164116829
2 0.8355354659248957 0.9367176634214186 0.10639777468706527 0.1265646731571627
2 0.9525817107093185 0.8435326842837272 0.09483657858136298 0.17663421418637001
2 0.25784702619515926 0.23207775427739052 0.07314152628157125 0.09875649118186831
2 0.12614598678308958 0.20203932154290555 0.09397297364024655 0.16047929817053597
2 0.14234822361761484 0.37568615187102394 0.07823365785813623 0.1275604677765799
2 0.20900885516537596 0.6682522569973088 0.09119544732575655 0.1283834385364286
2 0.12105385520652451 0.9168799532552607 0.10415723679337674 0.10534025726065949
2 0.2904829603904173 0.8782003275423625 0.0958246578499066 0.13990502917431358
2 0.04068150208623088 0.6585535465924894 0.08136300417246176 0.13769123783031986
