3 0.9372502806369982 0.059456991190852175 0.03799301737095448 0.08466675545577348
2 0.1347532149679791 0.9397106109324759 0.08863826273338588 0.1205787781350483
2 0.4480251498080057 0.3130909841055235 0.08425163153953143 0.1850861238900181
2 0.5554459800209082 0.4093785630078451 0.0680031025997647 0.1679683320851609
2 0.683327920750554 0.3414423267823183 0.07943725259441535 0.17973681395100038
2 0.6544416470798576 0.5511352763918186 0.07823365785813628 0.13694233443885737
2 0.49347384187439813 0.7608858457259013 0.06980849470418313 0.14443136835348241
2 0.3722116721942869 0.7903070503904996 0.09087140258906594 0.15619985021932167
2 0.13510350914731997 0.5057237616347492 0.07642826575371776 0.15192040226810746
2 0.24613512356905956 0.6522948539638387 0.0842516315395314 0.1283834385364289
2 0.24402883278057133 0.4028030384080454 0.0824462394351129 0.16368888413394672
2 0.3099256445918476 0.0807745800791698 0.0842516315395314 0.13373274847544667
2 0.20039852359045682 0.20380870867658069 0.09267679469348457 0.1786669519631967
2 0.07612736706964801 0.08879854498769658 0.09568578153418208 0.1561998502193217
2 0.5629814378945115 0.087728682999893 0.08966780785278708 0.10698619878035732
2 0.7149352733497377 0.9144110409757141 0.0734192789130202 0.17117791804857177
2 0.8269297635605009 0.40611961057023643 0.11891515994436716 0.18358831710709322
2 0.9510170375521557 0.6780250347705146 0.09796592489568852 0.31015299026425597
2 0.8011126564673157 0.1286509040333797 0.11422114047287905 0.15716272600834494
