3 0.33444888734353273 0.6133518776077885 0.11813282336578582 0.26981919332406124
2 0.030902294853963837 0.8073713490959666 0.061804589707927675 0.21557719054242
2 0.1146123087621697 0.6606397774687065 0.11813282336578583 0.13351877607788595
2 0.22335709318497912 0.6043115438108484 0.07275730180806672 0.14325452016689838
2 0.184240264255911 0.3428372739916551 0.14473226703755218 0.19888734353268434
2 0.2769471488178025 0.21001390820584143 0.13612656467315723 0.30598052851182195
2 0.42167941585535473 0.28442280945758003 0.09700973574408898 0.24061196105702368
2 0.05554589707927678 0.09944367176634214 0.07823365785813631 0.14881780250347706
2 0.4521905424200278 0.07788595271210014 0.11891515994436723 0.15577190542420027
2 0.606702016689847 0.10848400556328233 0.13377955493741298 0.18915159944367177
2 0.6583362308762171 0.370653685674548 0.18541376912378305 0.32406119610570244
2 0.5973139777468707 0.60778859527121 0.08371001390820589 0.13351877607788595
2 0.7510431154381085 0.6244784422809458 0.11109179415855351 0.12795549374130735
2 0.5789290681502086 0.8525730180806675 0.06884561891515993 0.15020862308762176
2 0.7205319888734353 0.8018080667593881 0.10326842837273985 0.12378303198887337
2 0.1685935326842837 0.8706536856745479 0.0930980528511822 0.1390820584144646
2 0.8832579972183591 0.2579972183588317 0.10170375521557666 0.187760778859527
2 0.799547983310153 0.08414464534075104 0.14551460361613336 0.11265646731571627
