3 0.19128129346314332 0.0521557719054242 0.04615785813630044 0.1043115438108484
3 0.01760257301808067 0.24478442280945756 0.03520514603616134 0.1474269819193324
2 0.03520514603616134 0.8268428372739917 0.07041029207232267 0.19888734353268434
2 0.27460013908205844 0.8351877607788595 0.13299721835883177 0.1988873435326842
2 0.19753998609179416 0.5827538247566064 0.11969749652294852 0.16689847009735742
2 0.13808240611961056 0.7280945757997219 0.10248609179415856 0.20166898470097366
2 0.43458796940194716 0.8755215577190544 0.09466272600834486 0.17941585535465931
2 0.5413769123783032 0.8859527121001389 0.09544506258692628 0.17524339360222527
2 0.6931502086230875 0.9207232267037552 0.10013908205841446 0.1585535465924896
2 0.7968098052851182 0.9304589707927677 0.08371001390820595 0.1390820584144646
2 0.6919767037552157 0.6210013908205841 0.09935674547983311 0.2684283727399166
2 0.5472444367176635 0.7148817802503477 0.08996870653685668 0.1251738525730181
2 0.3540073018080668 0.6307371349095967 0.08840403337969402 0.17385257301808069
2 0.38334492350486793 0.45966620305980527 0.06571627260083446 0.10987482614742695
2 0.2968967315716273 0.3518776077885953 0.09622739916550771 0.13073713490959665
2 0.194019471488178 0.3956884561891516 0.10483310152990262 0.16550764951321276
2 0.35126912378303204 0.14534075104311542 0.10013908205841453 0.1821974965229485
2 0.46196974965229487 0.27746870653685674 0.09622739916550764 0.15438108484005564
2 0.5546766342141863 0.49304589707927676 0.11891515994436716 0.1655076495132127
2 0.5879259388038943 0.1905424200278164 0.09153337969401953 0.18915159944367177
2 0.7279641863699584 0.3268428372739916 0.11500347705146041 0.20027816411682892
2 0.7960274687065368 0.5938803894297635 0.07119262865090406 0.17246175243393602
2 0.8934283727399166 0.6112656467315716 0.09075104311543811 0.19332406119610568
