2 0.07353963838664813 0.6689847009735744 0.11109179415855357 0.20862308762169682
2 0.184240264255911 0.6571627260083449 0.08371001390820584 0.1460361613351877
2 0.27225312934631435 0.42002781641168285 0.1283031988873436 0.20862308762169668
2 0.08996870653685674 0.20236439499304593 0.15333796940194713 0.26842837273991654
2 0.44616793952810857 0.17798388623252212 0.07082692101949618 0.11274699409929964
2 0.5322712552772999 0.23435738328217198 0.0819370262774563 0.13825908765461561
2 0.6396689394375819 0.33146793294434246 0.07638197364847649 0.12179967245763752
2 0.4225589658549431 0.47054999135880693 0.08656623680160642 0.13661314613491782
2 0.5821232234118721 0.5892470640518143 0.18007628938943782 0.16130226893038477
2 0.40598176296796173 0.7649513212795549 0.11665610520858195 0.16377118120993145
2 0.31710092090428027 0.8987745965385849 0.08610331574919147 0.13002938005612663
2 0.23192344725991887 0.7773864094608718 0.1129527367892619 0.1259145262568819
3 0.8747605471616055 0.6487073345053279 0.11038886634511712 0.1285100494225594
2 0.9517124478442281 0.4770514603616134 0.09466272600834486 0.21140472878998615
2 0.9278511821974965 0.8393602225312935 0.1236091794158554 0.157162726008345
2 0.7189673157162727 0.08344923504867871 0.09857440890125176 0.16689847009735742
2 0.5617176634214186 0.06536856745479833 0.09075104311543804 0.13073713490959665
2 0.25856223922114047 0.1404728789986092 0.07275730180806679 0.13908205841446453
2 0.15881432545201668 0.9235048678720446 0.11265646731571627 0.15299026425591095
