3 0.09935674547983309 0.5201668984700973 0.12517385257301805 0.3087621696801112
3 0.017602573018080672 0.958970792767733 0.035205146036161344 0.054242002781641076
2 0.22805111265646733 0.9158553546592489 0.09466272600834494 0.15159944367176637
2 0.2706884561891516 0.5076495132127955 0.09700973574408903 0.1863699582753825
2 0.27420897079276774 0.7573018080667593 0.08996870653685676 0.11821974965229487
2 0.5026512517385258 0.7280945757997219 0.11813282336578589 0.14881780250347704
2 0.5304242002781642 0.5632823365785814 0.09388038942976358 0.1390820584144646
2 0.7404815716272601 0.56884561891516 0.08683936022253136 0.16411682892906826
2 0.6610744089012518 0.9089012517385257 0.1689847009735744 0.18219749652294864
2 0.8891255215577191 0.7364394993045897 0.1478616133518777 0.2461752433936022
2 0.6595097357440891 0.2301808066759388 0.1063977746870654 0.1905424200278164
2 0.4893515299026426 0.3310152990264255 0.08683936022253129 0.1974965229485396
2 0.4220705841446453 0.08623087621696801 0.1760257301808066 0.17246175243393602
2 0.0465490264255911 0.22044506258692628 0.0930980528511822 0.16550764951321276
2 0.35870132127955495 0.2976356050069541 0.10561543810848406 0.16133518776077885
2 0.411509040333797 0.4993045897079277 0.11578581363004176 0.16133518776077893
2 0.7862482614742698 0.36856745479833103 0.07510431154381081 0.13351877607788595
