3 0.8536534837301843 0.2940670771813631 0.09685732788990933 0.2247343228818157
2 0.0848835187760779 0.9318497913769125 0.08840403337969403 0.13630041724617528
2 0.21083970792767737 0.9450625869262865 0.09935674547983311 0.10987482614742689
2 0.3540073018080668 0.8956884561891516 0.09466272600834494 0.1529902642559108
2 0.2742089707927678 0.6091794158553546 0.08214534075104314 0.13073713490959663
2 0.16702885952712102 0.6390820584144646 0.08840403337969402 0.17941585535465926
2 0.21318671766342143 0.3602225312934631 0.08371001390820584 0.1808066759388039
2 0.1685935326842837 0.196105702364395 0.08214534075104314 0.11126564673157162
2 0.22961578581363004 0.09109874826147428 0.07901599443671764 0.11821974965229487
2 0.3051112656467316 0.2385257301808067 0.06884561891515993 0.12378303198887344
2 0.31645514603616137 0.42698191933240615 0.08214534075104311 0.17246175243393608
2 0.39742698191933246 0.6154381084840055 0.06102225312934635 0.10987482614742695
2 0.32349617524339364 0.7600834492350487 0.08683936022253129 0.10431154381084838
2 0.5030424200278164 0.8936022253129345 0.13769123783031986 0.21279554937413067
2 0.5663572006459688 0.6784805174333692 0.07798439267606674 0.16712636969239256
2 0.470034012431923 0.6480939047620251 0.04842866394495459 0.10255481776578634
2 0.6236881925219813 0.7161472560572228 0.04237508095183522 0.08293013041554331
2 0.648445566498253 0.44440421031840727 0.09685732788990933 0.1519330633567204
2 0.46007230747706906 0.4111688527091247 0.09543295542094014 0.16775942412304545
2 0.49603771231854277 0.24657470073934426 0.10113044529681701 0.15383222664867946
2 0.5052961333668429 0.059823643696708666 0.06765769227603961 0.11964728739341733
2 0.358941862180252 0.05855753483540267 0.09614514165542457 0.10572008991905131
2 0.6601966393672494 0.18295273045871752 0.09614514165542466 0.1937146557798185
2 0.7116520948087636 0.34089981090664145 0.05875536434498173 0.10192176333513331
2 0.8296679415855356 0.08692628650904034 0.12908553546592486 0.1432545201668985
2 0.9619697496522949 0.3623087621696801 0.07606050069541027 0.2433936022253129
2 0.7659075104311543 0.6947148817802503 0.09857440890125176 0.17107093184979136
2 0.8746522948539639 0.7433936022253129 0.0719749652294854 0.13212795549374134
3 0.97644297635605 0.9193324061196105 0.04711404728789986 0.1613351877607788
2 0.6958883866481225 0.9318497913769125 0.09935674547983311 0.13630041724617528
2 0.8116742002781641 0.9381084840055632 0.08214534075104311 0.12378303198887337
2 0.8449235048678722 0.49791376912378305 0.07353963838664825 0.13351877607788595
2 0.9427155771905424 0.5931849791376913 0.0735396383866481 0.16828929068150209
