3 0.452734277862166 0.3779274942027624 0.04787195087400939 0.12915161795249283
2 0.41510020560489636 0.24449222473665563 0.07012820873648729 0.07390757327917222
2 0.5488477174765802 0.6674077829452524 0.0638292678320125 0.12392582994285455
2 0.4552034626967199 0.6744999238154759 0.051231386023062625 0.10227613676006676
2 0.5862214335097982 0.5513206350168555 0.06382926783201243 0.12765853566402477
2 0.2376800367955198 0.13811011168330165 0.05795025632116918 0.15229439342374884
2 0.33993284414482916 0.17991641576040915 0.06760863237469734 0.15975980486608946
2 0.10477238371109929 0.39939951216522374 0.05081145662943093 0.1239258299428544
2 0.3180530318630328 0.520149229192668 0.084979794450904 0.08083847893185414
2 0.7423550034195319 0.574004504595265 0.08140169784244505 0.15849642754507812
