3 0.03011995827538247 0.2072322670375522 0.06023991655076494 0.3393602225312935
3 0.31880215577190546 0.20792767732962447 0.14316759388038938 0.24061196105702362
2 0.10991828929068152 0.9144645340751043 0.09622739916550765 0.13212795549374134
2 0.29846140472878996 0.8122392211404729 0.07901599443671764 0.11404728789986081
2 0.3931241307371349 0.945757997218359 0.1040507649513212 0.10848400556328229
2 0.5269036856745479 0.7746870653685676 0.07119262865090406 0.1446453407510431
2 0.6023991655076495 0.6050069541029207 0.11422114047287905 0.1668984700973575
2 0.4940455493741307 0.47913769123783034 0.10561543810848399 0.20723226703755215
2 0.4001651599443672 0.5340751043115438 0.09466272600834494 0.14186369958275385
2 0.14082058414464535 0.521557719054242 0.10639777468706538 0.18080667593880384
2 0.149817454798331 0.7399165507649513 0.10405076495132126 0.1446453407510431
2 0.24408901251738527 0.6947148817802504 0.06884561891515997 0.1265646731571627
2 0.3618306675938804 0.6995827538247567 0.08371001390820582 0.11682892906815028
2 0.6720271210013908 0.8727399165507649 0.11265646731571621 0.18776077885952716
2 0.7573018080667595 0.7545201668984701 0.06571627260083446 0.13490959666203053
2 0.9063369262865091 0.7732962447844228 0.09153337969401946 0.1780250347705146
2 0.9314586230876217 0.9485396383866481 0.1370827538247565 0.10292072322670379
2 0.7584753129346314 0.5452016689847009 0.11500347705146026 0.16133518776077885
2 0.6872826842837274 0.31502086230876214 0.08840403337969406 0.15438108484005558
2 0.5468532684283728 0.262865090403338 0.1283031988873435 0.2058414464534075
2 0.8347531293463143 0.17454798331015298 0.10326842837274 0.17385257301808063
