2 0.6983425816094513 0.8779405229177306 0.08734531387538524 0.1993264855104948
2 0.6573994657303645 0.5837951747910374 0.07600722024733038 0.16125288715455766
2 0.7378159446108273 0.4203026642037775 0.09574390174801849 0.20156610894319701
2 0.7094707105406903 0.25606361247228365 0.06508905601290735 0.17469062775077077
2 0.9103103304231257 0.7933516082186256 0.12216691458200941 0.20042041971192817
2 0.8476669248628899 0.2594796688665837 0.08958907069347362 0.23090261282400842
2 0.22950212380065782 0.09490268947333633 0.08094927150261519 0.17891490638415863
2 0.2384721782104071 0.5577477733801814 0.07701119883492051 0.15246661587519597
2 0.4626572094336821 0.2673737108074297 0.08352395639333729 0.20089422191338646
0 0.5753032692753748 0.1363873244273769 0.03359435149053283 0.07178280233019838
