2 0.24408901251738527 0.30180806675938804 0.10796244784422811 0.18358831710709322
2 0.2761648122392211 0.06954102920723226 0.12047983310152997 0.1140472878998609
2 0.11304763560500695 0.2183588317107093 0.07901599443671767 0.12239221140472877
2 0.026208275382475662 0.10987482614742698 0.052416550764951324 0.1140472878998609
2 0.08573262281414216 0.3834651247148881 0.12000338051065965 0.16586026083108646
2 0.1271296940194715 0.6314325452016689 0.14160292072322672 0.20027816411682886
2 0.3058936022253129 0.6356050069541028 0.12360917941585534 0.1557719054242002
2 0.2671679415855355 0.9165507649513214 0.10405076495132129 0.16689847009735742
2 0.3849095966620307 0.8011126564673157 0.11578581363004169 0.1585535465924896
2 0.5438905736929167 0.4331377406160759 0.10276847363613158 0.16788603500917604
2 0.4103795129659042 0.32013562558122305 0.11063813152718688 0.14155097069401118
2 0.6008715260346799 0.22261359053912813 0.1055459999506217 0.12426858473718426
2 0.7372017759708995 0.3559348536346503 0.06619771049534606 0.2082116022417723
2 0.75664446017233 0.66742928623746 0.06897523680983625 0.1464887952531047
2 0.6423029602258228 0.5925389470912098 0.10045386837405673 0.17117791804857177
2 0.6112872497140175 0.7773864094608719 0.07082692101949618 0.15060364905234935
2 0.41477726296384687 0.9588514620075549 0.1036943157409619 0.08229707598489028
2 0.9185233229913342 0.36246924146785064 0.07943725259441535 0.15512998823151808
2 0.8562372953888948 0.55985877821761 0.053559965764416406 0.1733176420241788
2 0.9254439927249385 0.8786776505830747 0.11855408152348332 0.2203915694875363
