3 0.496378152991071 0.7867789197855547 0.03247882278144182 0.07165341357940562
3 0.9313204604798969 0.7561696945671679 0.021130800363829538 0.043826845199053964
3 0.2080405558042593 0.2334996919216264 0.05012695419641794 0.08521886566482717
2 0.3739568845618916 0.47635605006954107 0.0891863699582754 0.17941585535465926
2 0.44045549374130744 0.17872044506258689 0.12673852573018082 0.2183588317107093
2 0.5574148122392212 0.3518776077885953 0.07901599443671771 0.12517385257301808
2 0.6004433240611963 0.19541029207232266 0.08840403337969413 0.14325452016689846
2 0.7768602225312934 0.06328233657858137 0.10326842837274003 0.12656467315716274
2 0.8820844923504868 0.23922114047287898 0.11500347705146026 0.16968011126564672
2 0.7643428372739917 0.3143254520166898 0.1048331015299027 0.1502086230876217
2 0.6876738525730182 0.5146036161335188 0.10952712100139074 0.17246175243393602
2 0.5049982614742698 0.6571627260083449 0.11187413073713494 0.14325452016689852
2 0.3680893602225313 0.7183588317107094 0.08371001390820582 0.16828929068150203
2 0.2436978442280946 0.6001390820584145 0.09935674547983311 0.14325452016689838
2 0.3008084144645341 0.926981919332406 0.11500347705146041 0.13212795549374134
2 0.07471314325452016 0.6627260083449236 0.14473226703755215 0.17941585535465926
2 0.11304763560500695 0.31641168289290683 0.10561543810848403 0.17107093184979136
2 0.4604050764951322 0.9388038942976357 0.09309805285118224 0.12239221140472878
2 0.8396276880282443 0.6737990799186906 0.09267679469348451 0.17117791804857163
2 0.9338089761420776 0.5400663314432438 0.10651813416069317 0.17759708997539328
2 0.8155557933026639 0.4673157162726008 0.09388038942976365 0.13480261046325018
2 0.5998114368246494 0.4496629934738418 0.06920669733604363 0.0823793730608751
2 0.3258732748475447 0.10163688884133944 0.07161388680860163 0.14336150636567876
2 0.8969789772119395 0.9352733497378839 0.09568578153418215 0.12945330052423246
