2 0.6794593184979137 0.4638386648122392 0.08214534075104318 0.1543810848400556
2 0.8809109874826149 0.3379694019471488 0.12204450625869256 0.17246175243393602
2 0.7686456884561892 0.13421418636995827 0.10405076495132136 0.1627260083449235
2 0.5773643949930459 0.19471488178025034 0.1470792767732962 0.18636995827538244
2 0.5272948539638385 0.41376912378303204 0.1079624478442281 0.19610570236439495
2 0.5777555632823366 0.6237830319888735 0.09622739916550771 0.18497913769123792
2 0.7318758692628652 0.6571627260083449 0.08371001390820566 0.17385257301808069
2 0.8226269123783032 0.5681502086230875 0.08996870653685676 0.14881780250347704
2 0.8359266342141864 0.7461752433936022 0.07745132127955501 0.14881780250347718
2 0.9474965229485397 0.9012517385257303 0.10500695410292067 0.1974965229485396
2 0.6735917941585536 0.9235048678720446 0.09231571627260088 0.15020862308762176
2 0.5570236439499304 0.9374130737134909 0.09075104311543797 0.1251738525730181
2 0.33875173852573015 0.7086230876216968 0.1173504867872045 0.15438108484005553
2 0.3622218358831711 0.9179415855354659 0.10483310152990268 0.14186369958275377
2 0.41084706322884346 0.39060661174708466 0.12156306836418103 0.20113405370707174
2 0.2937974751257088 0.5195249812774152 0.1257756499411576 0.16796833208516104
2 0.287358243286616 0.30544559751792016 0.11735048678720446 0.15726971220712518
2 0.4257716379587033 0.11447523269498233 0.10772172889697224 0.14978067829250025
2 0.1017037552155772 0.2934631432545202 0.11735048678720446 0.16689847009735748
2 0.09602371390244503 0.7270041395429219 0.10091678942647166 0.1259145262568822
3 0.1365293059887582 0.5216729349606207 0.15507855255902758 0.08394301750458809
2 0.11382997218358833 0.9401947148817803 0.13690890125173855 0.11961057023643945
2 0.9666637691237829 0.5104311543810849 0.06667246175243392 0.1390820584144646
2 0.17485222531293465 0.12934631432545202 0.10248609179415855 0.11961057023643949
