2 0.9024252433936022 0.8706536856745479 0.1760257301808066 0.25869262865090403
2 0.6677636181086487 0.08641192978413476 0.08286286838228633 0.1728238595682695
2 0.7649770391158001 0.2016278361629811 0.06619771049534606 0.1530725613318959
2 0.5612917760531968 0.11645036251861969 0.06990107891466614 0.1736468303281184
2 0.5867524339360223 0.4114853799244513 0.07360444733398623 0.16624009348947838
2 0.6024917497181326 0.732945988429031 0.09952802626922662 0.18187653792660727
2 0.4867614866143806 0.7078453802536397 0.09397297364024666 0.17117791804857185
2 0.39533457876241657 0.5373999061813333 0.06851231575742112 0.12509155549703307
2 0.41130535507073446 0.37321723959147723 0.11711902626099695 0.17858465488721179
2 0.45991206557431014 0.12097670169778865 0.08934376311609654 0.1678860350091761
2 0.10405076495132129 0.1877607788595271 0.1017037552155772 0.21418636995827536
2 0.07158379694019472 0.42698191933240615 0.10092141863699584 0.20305980528511824
2 0.24408901251738527 0.42628650904033377 0.131432545201669 0.22114047287899857
2 0.21123087621696804 0.7440890125173852 0.12673852573018082 0.20584144645340757
2 0.039116828929068155 0.7287899860917942 0.0657162726008345 0.15299026425591108
2 0.3027642559109875 0.9429763560500696 0.07666898470097365 0.09735744089012513
2 0.5327712100139083 0.933240611961057 0.1502086230876217 0.13351877607788595
2 0.3184109874826147 0.09735744089012517 0.11265646731571625 0.19471488178025034
