3 0.42244896999345044 0.8380005717012082 0.05962997389569573 0.09555726646196007
3 0.40523186485455226 0.7663326218547383 0.06970827934285559 0.09854343103889633
3 0.49824622554396514 0.4953300491993008 0.10876171295060004 0.12765853566402469
2 0.3588296668582538 0.437846381093278 0.06508905601290742 0.07838682014457653
2 0.3222958096122994 0.2777133056550714 0.06844849116196067 0.11646041850051386
2 0.7290620318666597 0.6362827598548784 0.04845339157288393 0.08843641247080455
3 0.19134351575638534 0.7629805881651521 0.04577230390585097 0.13736357053906786
3 0.14261946353817534 0.891860739385097 0.05071454984628513 0.08395716385289007
2 0.2280539630030402 0.19237791024493162 0.08592401438924746 0.13667445563669767
3 0.6433515425963621 0.551777296048829 0.07829944260659452 0.10233178757009646
3 0.682223182962579 0.08976803670309116 0.07566361607559316 0.1006069018158483
2 0.7757387990818714 0.04766378074725171 0.07009590647543874 0.09532756149450343
