2 0.037943324061196104 0.7315716272600834 0.07588664812239221 0.17246175243393594
2 0.16233484005563284 0.721835883171071 0.11030945757997218 0.14186369958275377
2 0.23118045897079276 0.5090403337969402 0.07901599443671767 0.10848400556328236
2 0.1146123087621697 0.3456189151599444 0.11656815020862311 0.17107093184979139
2 0.052416550764951324 0.08275382475660638 0.10483310152990265 0.16550764951321276
2 0.1717228789986092 0.061891515994436715 0.06649860917941586 0.11821974965229484
2 0.20888386648122392 0.20514603616133517 0.09231571627260081 0.1321279554937413
2 0.33405771905424203 0.3421418636995827 0.11109179415855351 0.16133518776077885
2 0.3274078581363004 0.5417246175243393 0.08058066759388041 0.15716272600834494
2 0.2816411682892907 0.8219749652294854 0.10326842837273986 0.19193324061196107
2 0.4455406815020862 0.7086230876216968 0.07119262865090398 0.17385257301808069
2 0.5468532684283729 0.7927677329624478 0.08918636995827534 0.14186369958275377
2 0.42089707927677333 0.9485396383866481 0.09075104311543811 0.10292072322670379
2 0.7909422809457581 0.7239221140472878 0.09857440890125176 0.21557719054242
2 0.643471835883171 0.7336578581363004 0.09466272600834486 0.14325452016689866
2 0.6735917941585535 0.5118219749652294 0.09700973574408905 0.18915159944367177
2 0.546462100139082 0.49791376912378305 0.12126216968011129 0.20027816411682892
2 0.44045549374130744 0.5271210013908205 0.07823365785813628 0.13351877607788595
2 0.5276860222531293 0.12169680111265647 0.09153337969401953 0.1933240611961057
2 0.7592576495132128 0.1627260083449235 0.14003824756606406 0.22253129346314324
2 0.9239394993045897 0.2579972183588317 0.07979833101529892 0.19888734353268425
2 0.8179328929068151 0.4109874826147427 0.11656815020862311 0.15159944367176628
2 0.941933240611961 0.6411682892906815 0.10952712100139081 0.18080667593880378
2 0.568758692628651 0.3052851182197497 0.11109179415855351 0.12934631432545202
