2 0.46615224136086447 0.8067829250026748 0.07823365785813635 0.19257515780464318
2 0.588317107093185 0.4558681930031026 0.1059163367925538 0.13266288648764302
2 0.37377634535144966 0.5580400128383438 0.1281828394137156 0.17438750401198233
2 0.40711591954637855 0.3878249705787952 0.10290734995185609 0.12945330052423237
2 0.35656494062265964 0.09040333796940195 0.11735048678720443 0.1808066759388039
2 0.6466312720659037 0.20380870867658069 0.08726061838022893 0.1743875040119825
2 0.7591673799079918 0.23697443029849147 0.10411094468813531 0.21290253557291108
2 0.9059457579972182 0.8657858136300416 0.13925591098748272 0.2684283727399166
2 0.8883431849791379 0.8734353268428373 0.021123087621696898 0.016689847009735814
2 0.9180719749652294 0.4958275382475661 0.11656815020862311 0.22114047287899857
2 0.7545636300417246 0.7433936022253129 0.08371001390820582 0.15438108484005567
2 0.6180458970792768 0.8998609179415855 0.08136300417246176 0.13073713490959676
2 0.5980963143254521 0.6634214186369958 0.10405076495132136 0.16133518776077885
2 0.11813282336578583 0.19401947148817805 0.14551460361613355 0.20166898470097358
2 0.09466272600834494 0.6522948539638387 0.11109179415855355 0.11961057023643953
2 0.19206363004172464 0.9242002781641168 0.10718011126564671 0.15159944367176637
2 0.33366655076495133 0.9005563282336578 0.11969749652294859 0.196105702364395
2 0.26716794158553553 0.6835883171070932 0.11969749652294859 0.18776077885952716
2 0.8918636995827538 0.05702364394993045 0.08605702364394986 0.1140472878998609
2 0.9251130041724618 0.18358831710709317 0.08371001390820595 0.13630041724617523
2 0.04928720445062588 0.8567454798331015 0.09857440890125176 0.20027816411682892
