3 0.46207853609961236 0.8763280690637063 0.0748265589123617 0.2341763297150051
2 0.5464783023759164 0.810305239854828 0.06897523680983618 0.11603887713869526
2 0.5749479470994395 0.9600859181473282 0.053698842080140995 0.07982816370534351
2 0.5957793944581149 0.6987927018953016 0.0731415262815711 0.09711054966217049
2 0.4122311971755643 0.6597015908024788 0.08564039469677645 0.11768481865839306
2 0.46685588136053524 0.5473660820831037 0.059716815761536 0.10698619878035728
2 0.3147863156422052 0.5922179884948688 0.04166289471735066 0.09957946194171718
2 0.3675593156175161 0.5444856844236325 0.05832805260429098 0.09299569586292591
2 0.6272580260223354 0.5255573569471077 0.06017973681395098 0.10780916954020611
2 0.5474041444807466 0.5259688423270322 0.068049394705006 0.13825908765461561
2 0.6710040654755535 0.3818584325698907 0.06897523680983603 0.1300293800561266
2 0.5638378418414792 0.40037527466649103 0.0796224210153813 0.08476598826443692
2 0.489770473455078 0.27981005834862677 0.06017973681395098 0.09381866662277485
2 0.3839930129782489 0.3468821752763124 0.07175276312432623 0.11933076017809086
2 0.27937285513245713 0.25141756713383967 0.07915949996296626 0.1621252396902338
2 0.4201008550666194 0.0876463859239081 0.06990107891466621 0.13249829233567328
2 0.48953901292887053 0.10122540346141502 0.05601344734221577 0.12509155549703319
2 0.630729933915448 0.18557990634592753 0.07453028943881619 0.11933076017809087
2 0.5677726707870069 0.10081391808149054 0.04953255260840578 0.08805787130383255
2 0.5550423418455942 0.017282385956826952 0.10184263153130167 0.034564771913653904
2 0.6455434075927282 0.061722806988667694 0.04490334208425566 0.10863214030005514
2 0.75016356543852 0.11603887713869522 0.08286286838228633 0.1448428537334068
2 0.7524781707005951 0.3378294969179744 0.10693476310786665 0.18681436248570088
2 0.25034770514603616 0.8783031988873435 0.09857440890125176 0.20166898470097366
2 0.2178807371349096 0.6912378303198886 0.07745132127955497 0.09735744089012527
2 0.21357788595271213 0.5737134909596662 0.09544506258692628 0.10152990264255914
2 0.21357788595271213 0.42211404728789986 0.06728094575799723 0.10987482614742689
2 0.10405076495132129 0.586230876216968 0.09857440890125176 0.1460361613351877
2 0.12439151599443672 0.8824756606397776 0.09075104311543811 0.19332406119610582
2 0.35322496522948543 0.9130737134909598 0.060239916550765 0.1460361613351877
2 0.1271296940194715 0.09388038942976357 0.11813282336578582 0.18776077885952713
2 0.24800069541029207 0.04381084840055634 0.10639777468706534 0.08762169680111268
2 0.050069541029207236 0.34075104311543813 0.10013908205841447 0.20305980528511824
2 0.9125956189151601 0.26008344923504867 0.0930980528511823 0.17802503477051457
2 0.9337187065368567 0.46105702364394996 0.08840403337969391 0.13769123783032
2 0.9489742698191934 0.6634214186369958 0.08136300417246162 0.1780250347705146
2 0.9690107788595271 0.09666203059805285 0.06197844228094567 0.16828929068150209
