3 0.16503135518595025 0.43041370740097595 0.0828628683822864 0.08558895902428588
2 0.2819189209207396 0.8300565380912013 0.0629572631284411 0.10945511105990406
2 0.3525143814140283 0.6642279299816478 0.06804939470500607 0.11521590637884635
2 0.25854140777378176 0.6267827604085227 0.07360444733398619 0.12262264321748653
2 0.452042407683255 0.7477594621063113 0.068049394705006 0.09793352042201932
2 0.42635028927422197 0.5765815440577398 0.08795499995885145 0.14401988297355792
2 0.43977499979425727 0.36581050275283716 0.06573478944293107 0.1440198829735579
2 0.5515704339524816 0.443169754178634 0.11248981573684681 0.15389553209174486
2 0.38468739455687134 0.23989597649595504 0.07406736838640128 0.1440198829735579
2 0.5270356181744862 0.2510060817539152 0.09397297364024652 0.11027808181975292
2 0.30089868406975495 0.21891022211980807 0.0796224210153813 0.14319691221370903
2 0.2083144735867534 0.24442231567512404 0.07962242101538126 0.11850778941824196
2 0.24974590777789665 0.4044901284657355 0.07453028943881619 0.13908205841446453
2 0.2708088156627795 0.9629663158067993 0.058328052604290866 0.07406736838640128
2 0.3881593024499839 0.7963147369373965 0.056013447342215986 0.11439293561899731
2 0.5316648286986363 0.9275785731332965 0.07175276312432623 0.14484285373340683
2 0.6261701615491602 0.9090617310366963 0.11012891836953038 0.18187653792660755
2 0.7462287364929924 0.9379480047073926 0.0902696052209265 0.12410399058521464
2 0.7356972825505511 0.7860276024392852 0.06679950786348555 0.10698619878035728
2 0.6995894404621804 0.649085268000428 0.0716138868086017 0.08558895902428588
2 0.6036027602439284 0.6710174387504011 0.0902696052209265 0.15512998823151797
2 0.5166430405477693 0.7009735744089014 0.060781534182090625 0.12089440462180377
2 0.7263694233443886 0.46538996469455435 0.0842516315395315 0.1626190221461431
2 0.6559591312720658 0.28083877179843797 0.07221568417674121 0.13373274847544672
2 0.7293784101850861 0.31667914838985767 0.05416176313255576 0.10912592275596449
2 0.8337902535572911 0.35198459398737564 0.09568578153418188 0.16903819407296455
2 0.8846421311650797 0.25141756713383967 0.09869476837487966 0.20327377768267893
2 0.8404100246068257 0.6338932277736171 0.11253610784208845 0.1872258478656252
2 0.8641810206483364 0.8175885310794908 0.0842516315395315 0.15940943618273237
2 0.08320951413111206 0.3449864744045048 0.07194534409589602 0.13177867740123708
2 0.05595748985236357 0.15636209302626355 0.06831174085872956 0.12919478176591875
2 0.16133198373019106 0.558157864318271 0.09738056675606126 0.14986594684846571
2 0.1333532388040093 0.7713292542320369 0.09665384610862797 0.17053711193101279
2 0.07339878539076258 0.9108596185392289 0.1031943319355276 0.16020152938973908
