2 0.3931542206055419 0.837487964052637 0.07101208944046221 0.13480261046325012
2 0.5935527441959987 0.4806889911201455 0.09267679469348458 0.17010805606076823
2 0.5109259655504439 0.31400449342034875 0.06258692628650898 0.11661495667058955
2 0.3815395314004493 0.3707071787739381 0.09147319995720551 0.1808066759388038
2 0.3956817695517279 0.11394030170108053 0.09087140258906594 0.18508612389001816
2 0.6309845404942762 0.30277094254841125 0.09688937627046108 0.1583395741949289
2 0.6321881352305552 0.14871081630469668 0.08244623943511292 0.1155450946827859
2 0.5569634642131163 0.06740130523162512 0.07883545522627579 0.1155450946827859
2 0.26509174066545416 0.3113298384508398 0.11975767625976254 0.16047929817053597
2 0.14362303697734233 0.5708378412084248 0.12783742908999055 0.14560251905019028
2 0.254428532269633 0.5744968958175991 0.0587553643449818 0.14117113803561943
2 0.3523541395112693 0.6033008724123107 0.08581844125539764 0.15066695449541462
2 0.20065847156604363 0.8122088345278012 0.10718402828993635 0.18611800261198255
2 0.41965573867006645 0.7148089789908226 0.07584783397261276 0.14370335575823148
2 0.29057198366972786 0.7341171391257391 0.056974898758770216 0.10888536207231639
2 0.7463284425658202 0.8059859094744826 0.06836987851052413 0.12787699499190652
2 0.8373102340212313 0.8515658284814985 0.06730159915879724 0.1316753215758243
2 0.7940449202762904 0.649621465103191 0.07121862344846264 0.1481347367728025
2 0.720020283063958 0.5570878989746416 0.06623331980707022 0.13800586588235433
2 0.783582904491711 0.45073475462493734 0.10362309711751322 0.16712636969239264
2 0.8085094226986729 0.2877232387317893 0.07228690280018953 0.13484059372908938
2 0.7948354469965682 0.06460320464813885 0.13517294730518217 0.1292064092962777
2 0.9411184995597105 0.1921636724247187 0.06573478944293115 0.1374361168947667
2 0.9604050764951322 0.5034770514603616 0.07918984700973582 0.1641168289290681
2 0.9235483310152992 0.3004172461752434 0.07901599443671771 0.11404728789986095
2 0.939673157162726 0.7719054242002781 0.09092489568845621 0.2392211404728789
2 0.035596314325452016 0.47218358831710716 0.05711057023643949 0.22670375521557723
2 0.057892906815020864 0.07927677329624479 0.11578581363004173 0.15855354659248957
