3 0.15544426019043542 0.6198780357333905 0.15044934203487748 0.052423237402375165
3 0.1394966299347384 0.6953033058735422 0.07763186048999682 0.08772868299989313
2 0.3540073018080668 0.23296244784422807 0.10092141863699582 0.14325452016689844
2 0.4627520862308762 0.22600834492350486 0.08683936022253129 0.15159944367176634
2 0.31019645340751045 0.4464534075104312 0.11187413073713494 0.19749652294853967
2 0.42050591098748263 0.5139082058414465 0.08214534075104311 0.14325452016689844
2 0.569932197496523 0.6286509040333798 0.10874478442280947 0.21974965229485405
2 0.5621088317107094 0.9290681502086231 0.12908553546592486 0.14186369958275377
2 0.6074843532684284 0.1968011126564673 0.12439151599443676 0.23226703755215578
2 0.6599009040333798 0.4993045897079277 0.09153337969401953 0.13630041724617528
2 0.7440020862308763 0.691933240611961 0.07666898470097365 0.14881780250347704
2 0.8836491655076495 0.7830319888734354 0.0915333796940196 0.13630041724617528
2 0.9545375521557719 0.9374130737134909 0.09092489568845621 0.1251738525730181
2 0.9129867872044507 0.38247566063977745 0.10952712100139081 0.20862308762169676
2 0.7776425591098749 0.31363004172461756 0.09231571627260081 0.20166898470097358
2 0.1286943671766342 0.42420027816411676 0.1541203059805285 0.20305980528511816
2 0.09896557719054243 0.8205841446453408 0.10405076495132129 0.1446453407510431
2 0.2217924200278164 0.7392211404728789 0.06336926286509044 0.16828929068150203
2 0.893037204450626 0.5924895688456189 0.08214534075104311 0.14464534075104318
2 0.7858570931849792 0.5159944367176634 0.09466272600834486 0.133518776077886
2 0.5570236439499305 0.4040333796940195 0.06258692628650898 0.13769123783031986
