2 0.26873261474269816 0.07788595271210014 0.08371001390820582 0.12795549374130738
2 0.10561543810848402 0.18776077885952713 0.0782336578581363 0.12239221140472877
2 0.026990611961057023 0.09457579972183588 0.05398122392211405 0.14742698191933243
2 0.24330667593880392 0.28859527121001394 0.09857440890125176 0.15159944367176637
2 0.07471314325452018 0.4054242002781641 0.10718011126564676 0.16550764951321284
2 0.11969749652294855 0.6397774687065368 0.10639777468706539 0.18915159944367183
2 0.12406284204722205 0.9148225263556387 0.08980668416851145 0.1242685847371841
2 0.2687326147426982 0.8915159944367177 0.07745132127955494 0.13351877607788595
2 0.37825973574408905 0.7614742698191934 0.09622739916550764 0.15716272600834486
2 0.272644297635605 0.6369958275382476 0.10248609179415852 0.15577190542420033
2 0.26325625869262864 0.4457579972183588 0.07745132127955497 0.1488178025034771
2 0.3460334866802182 0.20969294960950033 0.04212581576976561 0.07275061517064302
2 0.4122311971755643 0.3236332513105809 0.09508398416604265 0.13159302449983953
2 0.3830440248207981 0.5531186476944473 0.06439231839092756 0.10912592275596446
2 0.5340951642238151 0.4172461752433935 0.09929656574301916 0.16475874612175026
2 0.5238646089654434 0.6023322991334118 0.09087140258906601 0.16047929817053594
2 0.5319888734353269 0.2150422595485182 0.0842516315395315 0.1412217823900717
2 0.6156387076067187 0.23002032737776823 0.05897614207767205 0.13480261046325023
2 0.7260685246603188 0.34984487001176845 0.087260618380229 0.18829570985342886
2 0.6478348668021823 0.5499090617310366 0.07883545522627586 0.12410399058521449
2 0.5696012089440461 0.8454049427623836 0.07281748154488063 0.16368888413394672
2 0.6090189365571842 0.7368139510003207 0.06740130523162506 0.10912592275596453
2 0.7660880496415962 0.7148817802503477 0.0902696052209265 0.2043436396704825
2 0.9067280945757997 0.347009735744089 0.08605702364395 0.19332406119610568
2 0.7729485396383867 0.5208623087621695 0.0672809457579973 0.12934631432545202
2 0.9114221140472878 0.8363111158660533 0.08605702364394986 0.13908205841446444
2 0.8262677864555472 0.9475767625976249 0.07582646838557822 0.10484647480475033
2 0.9481919332406119 0.5931849791376912 0.08762169680111256 0.19888734353268434
2 0.7390712648364217 0.04526339179168963 0.04878475706219703 0.07659958610901323
