2 0.6583802083761963 0.7148570911275521 0.10508307889820685 0.18187653792660755
2 0.7381276180757297 0.5073614734468483 0.08008534206779629 0.14895770753265125
2 0.7605792891178577 0.7176305025882431 0.06666063154776111 0.1250915554970332
2 0.662902947058291 0.4538683740566697 0.08610331574919144 0.1720008888084206
2 0.6277209470747505 0.2398959764959551 0.1138785788940919 0.20821160224177235
2 0.4943996839792282 0.1292064092962777 0.09443589469266157 0.1695319765288739
2 0.4758828418826278 0.2868053098073425 0.10091678942647164 0.12591452625688201
2 0.39301997350034157 0.38391585946951295 0.10924936836994185 0.18352247944630526
2 0.8284302890861145 0.25276959052502 0.0859710525913583 0.16224280694164075
2 0.829752920664443 0.506127017307075 0.07538999996472981 0.1610671344275709
2 0.5541826313196806 0.8307031579739399 0.09655210521798743 0.18575625722303798
2 0.5627797365788164 0.5244404680587412 0.09258421048300143 0.16341847945571067
2 0.31270780011686183 0.7557175893540502 0.14489428940589735 0.22631695895844814
2 0.44139985268823395 0.5664343145888027 0.10508307889820678 0.15224959057204684
2 0.28701105249730474 0.4773230407123634 0.08517747364436143 0.15142661981219802
2 0.1983616709598308 0.5147682102854886 0.08101118417262634 0.16541712272962947
2 0.2874739735497197 0.13908205841446453 0.10739768416028181 0.13661314613491782
2 0.1611626578193391 0.1469590642587326 0.12829526309787356 0.17870222213861883
2 0.050069541029207236 0.7517385257301809 0.10013908205841447 0.16828929068150203
2 0.08097183588317108 0.493741307371349 0.10092141863699584 0.23365785813630033
2 0.04498435326842838 0.23643949930458974 0.08996870653685676 0.17802503477051462
2 0.9491481223922114 0.12169680111265645 0.10170375521557715 0.21557719054242
