2 0.2981211577552649 0.695500818855906 0.11017521047477181 0.12015373093793955
2 0.3184896840615252 0.8498078363275754 0.0796224210153812 0.09464163738262357
2 0.36593909193406354 0.9613203742871016 0.08564039469677638 0.07735925142579675
2 0.42310984190731704 0.8255301989120326 0.07499321049123119 0.10863214030005523
2 0.5224064076503361 0.93621976611171 0.10323139468854656 0.11603887713869526
2 0.6436917233830681 0.7196879294878652 0.08378871048711638 0.168709005769025
2 0.38908514455481386 0.45633728633621645 0.10508307889820671 0.20821160224177226
2 0.25159759198755666 0.42259548518241147 0.09860218416439669 0.1506036490523492
2 0.30113014459596255 0.26705401157096886 0.11156397363201677 0.18352247944630526
2 0.31825822353531774 0.09916797656179273 0.1023055525837167 0.10122540346141501
2 0.45250532873566995 0.2715803507501378 0.09860218416439658 0.1464887952531047
2 0.5330535918558813 0.43823192961954055 0.1448942894058974 0.1621252396902338
2 0.5342108944869187 0.17858465488721184 0.07128984207191116 0.1547185028515937
2 0.5048154076585658 0.09299569586292597 0.053235921027725785 0.1004024327015661
2 0.6512952016689847 0.08970792767732963 0.10405076495132129 0.1599443671766342
2 0.7956363004172462 0.2899860917941586 0.09075104311543811 0.14047287899860922
2 0.7365698887343533 0.43115438108484017 0.08058066759388041 0.15577190542420033
2 0.6313456189151601 0.5556328233657858 0.10170375521557723 0.09318497913769114
2 0.8304502781641168 0.6981919332406119 0.0758866481223923 0.17524339360222535
2 0.8852138386648123 0.5069541029207233 0.09622739916550756 0.17941585535465931
2 0.8191063977746871 0.08970792767732963 0.11735048678720446 0.17941585535465926
