2 0.5194862542738546 0.1993414163333796 0.15045230315035127 0.19681810726586843
2 0.49322806929006696 0.4731204501583376 0.08374231967802573 0.1867248709958239
2 0.3860662873292035 0.30216626083445824 0.08658104237897575 0.11733387163926765
2 0.2900486756024158 0.49595484086852865 0.10645210128562603 0.2397143614135576
2 0.27595660102504566 0.7181725807531687 0.16213473888118413 0.13975250220061666
2 0.43399702831832115 0.6652801406841854 0.1091816423442318 0.1853661661133178
2 0.40342616846193635 0.9383730285434779 0.10263074380357785 0.12325394291304391
2 0.6305267140789971 0.6472165439274586 0.06878443467686615 0.1533395510256767
2 0.6837500351807512 0.30085608112632745 0.09990120274497201 0.18245465565080501
2 0.7304251872829104 0.9000381407870589 0.08952894672227003 0.18245465565080507
