2 0.23470097357440892 0.7267037552155773 0.07666898470097355 0.15159944367176637
2 0.3039377607788596 0.6119610570236439 0.046157858136300405 0.0973574408901252
2 0.4111178720445063 0.6592489568845619 0.09466272600834486 0.1363004172461752
2 0.16233484005563284 0.9415855354659248 0.13847357440890126 0.11682892906815028
2 0.5327712100139083 0.7148817802503477 0.07979833101529905 0.14742698191933243
2 0.6626390820584145 0.6981919332406119 0.10796244784422804 0.17802503477051473
2 0.5284683588317107 0.5097357440890125 0.1916724617524339 0.12378303198887337
2 0.6196105702364395 0.37134909596662025 0.12204450625869256 0.13073713490959668
2 0.6254780945757997 0.15785813630041726 0.09309805285118217 0.17663421418636996
2 0.7330493741307371 0.2121001390820584 0.10326842837274 0.196105702364395
2 0.8390559805285119 0.08414464534075104 0.11343880389429756 0.10709318497913771
2 0.870740611961057 0.262865090403338 0.11578581363004176 0.21418636995827542
2 0.7870305980528512 0.4819193324061196 0.09075104311543811 0.17385257301808069
2 0.8691759388038943 0.6759388038942976 0.12204450625869256 0.13630041724617528
2 0.924721835883171 0.5139082058414465 0.12673852573018082 0.2239221140472879
2 0.8496175243393602 0.8817802503477051 0.13769123783031986 0.23643949930458974
2 0.3391429068150209 0.08136300417246176 0.09153337969401946 0.1627260083449235
2 0.23274513212795547 0.23713490959666203 0.14160292072322672 0.2322670375521558
2 0.09935674547983311 0.053546592489568855 0.10483310152990263 0.10709318497913771
2 0.0782336578581363 0.525730180806676 0.11265646731571625 0.23087621696801108
2 0.09231571627260085 0.26912378303198886 0.1392559109874826 0.23504867872044508
