3 0.054763560500695425 0.5785813630041724 0.0954450625869263 0.2531293463143254
3 0.26789241303256495 0.6203635884817011 0.12221115783756203 0.1901062455250964
3 0.394269860341862 0.46029577569108965 0.03981121050769062 0.1662400934894783
0 0.4955569866102657 0.7591905259606125 0.05231007892289597 0.07489033914625011
0 0.37532178948028133 0.31750085304084524 0.12320821856584044 0.1424372468969255
2 0.7565194714881781 0.9248956884561892 0.08136300417246176 0.10570236439499298
2 0.9110309457579973 0.633518776077886 0.0618045897079277 0.15438108484005567
2 0.8390559805285119 0.7878998609179415 0.08996870653685676 0.14881780250347704
2 0.7596488178025035 0.7197496522948541 0.0876216968011127 0.14325452016689852
2 0.578537899860918 0.7600834492350487 0.09466272600834501 0.17107093184979136
2 0.5100834492350488 0.47774687065368565 0.06884561891515993 0.15159944367176637
2 0.4314586230876218 0.6265646731571628 0.10405076495132129 0.1210013908205842
2 0.38843011126564675 0.9436717663421419 0.09779207232267041 0.11265646731571635
2 0.2202277468706537 0.9207232267037553 0.08371001390820582 0.10848400556328244
2 0.2206189151599444 0.4360222531293463 0.09544506258692625 0.11543810848400554
2 0.16585535465924894 0.2906815020862309 0.10013908205841446 0.13073713490959665
2 0.25543289290681503 0.15924895688456192 0.09935674547983311 0.24895688456189155
2 0.5445062586926287 0.08484005563282337 0.10326842837273993 0.15577190542420027
2 0.6712447844228094 0.18358831710709317 0.0891863699582754 0.15855354659248955
2 0.7768602225312935 0.1376912378303199 0.09231571627260095 0.16411682892906815
2 0.8723052851182197 0.0980528511821975 0.07666898470097365 0.14603616133518776
2 0.6047461752433937 0.3463143254520167 0.05945757997218358 0.1585535465924896
2 0.6782858136300418 0.43810848400556324 0.04850486787204431 0.14464534075104318
2 0.7498696105702365 0.4464534075104312 0.06336926286509026 0.1251738525730181
2 0.6419071627260083 0.5403337969401947 0.06649860917941595 0.0987482614742698
2 0.03129346314325452 0.24408901251738527 0.06258692628650904 0.22948539638386647
2 0.10561543810848402 0.06954102920723225 0.13612656467315717 0.1390820584144645
2 0.055545897079276776 0.8956884561891516 0.09388038942976357 0.15855354659248974
