3 0.8941736905192258 0.8729998668163397 0.1123737133507106 0.12652447725413338
2 0.26885030351794675 0.26113495264436326 0.06409676110361641 0.11078452536427534
2 0.35217609295264807 0.37571780459255655 0.07976485826227826 0.12471172283864135
2 0.47289165969779234 0.2506895545385887 0.0683698785105242 0.12154645068537637
2 0.2617284411731004 0.533348357825154 0.0754917408553705 0.15763055323259742
2 0.4262216597196264 0.6356383262883202 0.08211943315996209 0.18345659010760465
2 0.5323228742448872 0.40244174520083686 0.08357287445482875 0.15632568593676177
2 0.6398775300650145 0.4683310839014554 0.07485222668562919 0.17958074665462703
2 0.8946018776077886 0.525730180806676 0.10248609179415863 0.1808066759388039
2 0.799547983310153 0.6411682892906815 0.07823365785813635 0.16133518776077885
2 0.6523351990096689 0.8234752068371438 0.08244925253072026 0.15144609841006443
3 0.6712355260017608 0.6917337067250684 0.022735175947009197 0.05989668843870703
2 0.5155132666538723 0.7986225125160945 0.05094870754390016 0.07791439146498462
2 0.514417595523896 0.9062417657271047 0.05533139206380575 0.07791439146498476
2 0.5685163575664782 0.5675576453277489 0.03862240733166623 0.06379240801195628
2 0.5798839455399828 0.6795595830586646 0.07395780127340366 0.09982781406451188
2 0.6634624101536378 0.9572663414158885 0.06260977885579137 0.08546731716822308
2 0.7674393643248628 0.9165202948589449 0.06931796944748328 0.16497179825494243
2 0.738181032043316 0.10002260004317427 0.09614514165542488 0.1405380836049664
2 0.9282423504867873 0.10987482614742698 0.09935674547983311 0.14186369958275383
2 0.13567147766932147 0.12059686903939686 0.06623331980707033 0.10192176333513331
2 0.21650461528332662 0.05159393609821965 0.0833257894347014 0.1031878721964393
2 0.056211842078965214 0.15645488071852762 0.07274473680807264 0.08139271251252883
2 0.12183471654219158 0.44630337361036637 0.10224959509386432 0.13475015738185334
2 0.2953899235460164 0.7042243089103044 0.060642657866366 0.09299569586292605
2 0.17040123939396434 0.7227411510069046 0.09489881574507658 0.14319691221370903
2 0.07080146036161336 0.7628650904033378 0.10092141863699584 0.10987482614742689
2 0.374788005897535 0.9170698695844567 0.08653062748988226 0.14560251905019028
