2 0.20262517385257303 0.6974965229485396 0.165855354659249 0.1933240611961056
2 0.39899165507649514 0.6439499304589709 0.11109179415855351 0.20584144645340743
2 0.30159075104311545 0.9304589707927678 0.09466272600834494 0.13630041724617528
2 0.48348400556328236 0.9116828929068148 0.09700973574408905 0.12378303198887337
2 0.6318872365464854 0.9473298713696703 0.07777073680572116 0.10534025726065949
2 0.6532477365364923 0.6896224562855567 0.09589078942882295 0.22808046772955307
2 0.5378481313273222 0.5714673686215357 0.10845578942294475 0.19633730984966669
2 0.683998920732632 0.48446760258036603 0.11110105257960179 0.1610671344275709
2 0.38819236823944214 0.2821614033767666 0.10316526310963027 0.17870222213861886
2 0.5723688155216987 0.31390456125665284 0.09853605258548029 0.17399953208233943
2 0.7360444733398621 0.24160070164135639 0.12300473678455916 0.2057426899622256
2 0.7998614469942167 0.879493567307839 0.13424710520035205 0.1751752045964092
2 0.1190368420495734 0.40217052659547575 0.11374631573625901 0.18458058470896804
2 0.2577644595492932 0.10588704932933343 0.08569713480886446 0.11478459456895088
2 0.5930111265646733 0.06397774687065369 0.11578581363004169 0.12795549374130738
2 0.8433588317107094 0.2677329624478443 0.07510431154381081 0.18497913769123783
2 0.8652642559109875 0.543115438108484 0.07823365785813635 0.22670375521557717
2 0.9517993741307371 0.866481223922114 0.09640125173852568 0.23922114047287907
2 0.09114221140472878 0.12656467315716272 0.12126216968011126 0.15299026425591097
2 0.2921124424949182 0.3774473092971007 0.12156306836418103 0.18936557184123257
2 0.4369349791376912 0.08623087621696798 0.10248609179415859 0.1641168289290681
