3 0.7033066965130729 0.44617359745208246 0.16618865781698772 0.21314942680086568
3 0.662902947058291 0.07818222218564573 0.11943363152307192 0.15636444437129146
2 0.3137169680111266 0.6397774687065368 0.06102225312934628 0.13908205841446444
2 0.6012256606397774 0.9242002781641168 0.1103094575799723 0.12378303198887337
2 0.571105702364395 0.799721835883171 0.0891863699582754 0.1279554937413073
2 0.563673504867872 0.6244784422809458 0.1040507649513212 0.1891515994436717
2 0.4064238525730181 0.8296244784422808 0.08683936022253129 0.16550764951321284
2 0.3313195410292073 0.9401947148817803 0.10561543810848399 0.11961057023643945
2 0.10874478442280947 0.8817802503477051 0.06571627260083451 0.1196105702364396
2 0.2116220445062587 0.8407510431154381 0.08214534075104307 0.1404728789986092
2 0.3094141168289291 0.808066759388039 0.09622739916550764 0.1474269819193323
2 0.23626564673157163 0.5027816411682893 0.10952712100139085 0.1627260083449235
2 0.33796940194714886 0.29624478442280944 0.09544506258692625 0.17246175243393597
2 0.5625 0.3609179415855355 0.06884561891515993 0.13490959666203065
2 0.4451940248524508 0.48170314431805167 0.05448224693807397 0.12471172283864142
2 0.5095692507737506 0.2196698874365916 0.14030068819347158 0.14433641018888443
2 0.45437481760119214 0.03798326583918011 0.12035947362790203 0.07596653167836022
2 0.5642295442704458 0.0677368240798712 0.0544822469380739 0.1063531443497043
2 0.24566396796424186 0.09237426896263191 0.10610121452526076 0.14857399903080656
2 0.19806376555736116 0.354639675947447 0.0704919028010294 0.08656050378316557
2 0.10686032430448289 0.4366783623688053 0.09156680157659494 0.18345659010760457
2 0.03676981919332407 0.21210013908205844 0.07353963838664813 0.17941585535465926
