2 0.5734527121001392 0.6091794158553546 0.12360917941585534 0.24478442280945756
2 0.5746262169680112 0.9207232267037552 0.10248609179415859 0.1585535465924896
2 0.34931328233657866 0.45897079276773295 0.10405076495132129 0.2670375521557718
2 0.4134648817802504 0.1780250347705146 0.08371001390820589 0.16133518776077885
2 0.5460709318497914 0.2719054242002782 0.07666898470097358 0.1627260083449235
2 0.6653772600834492 0.34840055632823363 0.09935674547983311 0.17385257301808069
2 0.7619958275382476 0.47774687065368565 0.0719749652294854 0.17663421418637001
2 0.9419332406119613 0.8171070931849792 0.10952712100139102 0.2656467315716272
2 0.18384909596662033 0.24617524339360222 0.10639777468706538 0.13908205841446455
2 0.0508518776077886 0.12795549374130735 0.08136300417246176 0.2280945757997218
2 0.2757736439499305 0.12169680111265645 0.14316759388038947 0.2127955493741307
2 0.7874217663421419 0.16759388038942977 0.10248609179415866 0.15438108484005567
2 0.6857180111265647 0.03268428372739917 0.11343880389429746 0.06536856745479834
2 0.4494523643949931 0.5702364394993046 0.06180458970792763 0.20305980528511816
