3 0.09388038942976358 0.9186369958275382 0.15959666203059808 0.1627260083449235
2 0.23685355646813863 0.5413254767058129 0.11619318415616689 0.12838343853642875
2 0.2469683814634066 0.7049649825941685 0.07823365785813632 0.10287134498111286
2 0.38584469718790887 0.6839792282180214 0.10137971047888662 0.16130226893038496
2 0.46292105241500764 0.4765000699525144 0.08795499995885152 0.12509155549703316
2 0.6001771444560575 0.2658195554311955 0.09860218416439671 0.16953197652887395
2 0.4918536181909456 0.23989597649595504 0.08564039469677638 0.19175218704479427
2 0.2553009604068767 0.088469356683757 0.07730781575330628 0.11603887713869523
2 0.16757742097423278 0.2538864794133864 0.1009167894264717 0.15389553209174475
2 0.5082873155516784 0.6731900815564021 0.0851774736443614 0.1843454502061541
2 0.40199138349614444 0.8633703944498851 0.13471002625276718 0.16294821045008262
2 0.2734266342141864 0.9214186369958276 0.09153337969401946 0.15716272600834486
2 0.7514342837273992 0.700278164116829 0.14942628650904027 0.22114047287899866
2 0.6305632823365787 0.7600834492350487 0.07823365785813628 0.19610570236439515
2 0.6211752433936023 0.5528511821974965 0.08136300417246169 0.17663421418636993
2 0.7854659248956886 0.38038942976356055 0.0876216968011127 0.17663421418636993
2 0.9401926574548805 0.061311321608743224 0.05369884208014085 0.12262264321748645
2 0.875152249590572 0.21191497066109236 0.09489881574507664 0.18023059640690964
2 0.47370479833101536 0.061891515994436715 0.12282684283727406 0.12378303198887343
