3 0.018956617096394564 0.21191359913927188 0.03791323419278913 0.051353375414571543
2 0.09622739916550767 0.9429763560500695 0.10326842837273993 0.11404728789986095
2 0.09035987482614743 0.7774687065368567 0.08683936022253132 0.10848400556328229
2 0.33444888734353273 0.8616133518776078 0.09622739916550767 0.17107093184979136
2 0.3457927677329624 0.6926286509040334 0.0891863699582754 0.11961057023643945
2 0.2753824756606398 0.5076495132127955 0.10796244784422811 0.15855354659248952
2 0.17759040333796938 0.5417246175243393 0.08605702364394993 0.1488178025034771
2 0.10639777468706538 0.648817802503477 0.10326842837273993 0.1404728789986091
2 0.5038247566063978 0.7294853963838664 0.09231571627260081 0.15438108484005567
2 0.4682284422809458 0.4638386648122392 0.11343880389429764 0.1877607788595271
2 0.39429763560500697 0.26425591098748263 0.11735048678720446 0.15299026425591097
2 0.2421331710709319 0.32614742698191934 0.10561543810848402 0.14047287899860916
2 0.6458188456189151 0.9207232267037552 0.10092141863699589 0.1585535465924896
2 0.6943237134909598 0.6522948539638387 0.10405076495132136 0.1696801112656467
2 0.7545636300417246 0.8560500695410291 0.08371001390820582 0.17941585535465918
2 0.8448309206573886 0.8543974809498094 0.07584783397261276 0.1835857848893707
2 0.9635344228094576 0.8296244784422809 0.07293115438108472 0.2628650904033381
2 0.9129867872044507 0.5403337969401947 0.14238525730180812 0.21001390820584143
2 0.9329062800898683 0.2144003423558361 0.08726061838022886 0.15833957419492886
2 0.7653057130630149 0.47651652936771155 0.09267679469348451 0.1690381940729646
2 0.5958997539317429 0.4182090510324168 0.09568578153418208 0.2792339788167326
2 0.7544733604365035 0.19942227452658606 0.15165293677115657 0.20969294960950038
2 0.5437239221140473 0.16582860810955385 0.1305900288862737 0.19257515780464318
2 0.3767251524553333 0.06151706429870546 0.14202417888092442 0.12303412859741092
2 0.6962795549374131 0.03904996255483042 0.10952712100139081 0.07809992510966084
2 0.1208710013908206 0.1321279554937413 0.08996870653685678 0.2058414464534075
2 0.12947670375521558 0.3372739916550765 0.08683936022253132 0.1571627260083449
