2 0.06336926286509041 0.0611961057023644 0.09857440890125176 0.1223922114047288
2 0.2918115438108484 0.03755215577190543 0.08605702364394993 0.07510431154381086
2 0.49365438108484 0.03268428372739916 0.07979833101529898 0.06536856745479833
2 0.687016504678589 0.28836895425105546 0.1004538683740568 0.12920640929627766
2 0.7342344520249197 0.44925973780151585 0.10045386837405673 0.13332126309552209
2 0.4955986495049833 0.2986560887491667 0.10462015784579179 0.14319691221370895
2 0.5136109076544509 0.45304540329682075 0.09397297364024645 0.1456658244932558
2 0.5617546971056118 0.5933619178510586 0.0717527631243263 0.1234456139773355
2 0.6527186839051609 0.7081663388499806 0.0916583683781716 0.21644130984026141
2 0.7475226008344924 0.8657858136300416 0.08840403337969406 0.21279554937413067
2 0.9397600834492351 0.25173852573018085 0.12047983310152986 0.133518776077886
2 0.9622739916550764 0.4443671766342142 0.06728094575799716 0.16272600834492346
2 0.6031815020862309 0.4464534075104312 0.06258692628650905 0.13908205841446453
2 0.4126825452016691 0.4541029207232268 0.08683936022253129 0.1488178025034771
2 0.29767906815020856 0.4040333796940195 0.08058066759388037 0.14881780250347704
2 0.36691585535465926 0.6947148817802503 0.0704102920723227 0.1404728789986092
2 0.2789029902642559 0.570931849791377 0.08527468706536859 0.1210013908205842
2 0.21983657858136305 0.786509040333797 0.09075104311543815 0.17941585535465931
2 0.46196974965229487 0.60778859527121 0.06962795549374136 0.1168289290681502
2 0.1271296940194715 0.45897079276773295 0.10248609179415856 0.17524339360222535
2 0.15764082058414466 0.2753824756606398 0.08214534075104313 0.15299026425591097
2 0.026599443671766344 0.3643949930458971 0.04068150208623088 0.18358831710709314
2 0.08566585535465926 0.8275382475660641 0.10405076495132129 0.1557719054242004
