3 0.2016298935898807 0.7238933100706931 0.07406736838640122 0.15060364905234905
0 0.14978273571939987 0.7061994387339419 0.023146052620750375 0.059253894709120944
2 0.05671940194714882 0.5465924895688457 0.08214534075104313 0.133518776077886
2 0.07158379694019472 0.3087621696801113 0.11030945757997218 0.1808066759388039
2 0.4111178720445063 0.5827538247566064 0.12282684283727391 0.2086230876216969
2 0.5906641168289292 0.5751043115438108 0.13612656467315717 0.22114047287899857
2 0.6211752433936023 0.8609179415855354 0.09700973574408898 0.15299026425591108
2 0.4517993741307372 0.8602225312934632 0.11656815020862304 0.25452016689847
2 0.2163160639777469 0.8699582753824757 0.12439151599443676 0.14881780250347704
2 0.8089360222531294 0.9123783031988872 0.10170375521557716 0.17524339360222527
2 0.7862482614742698 0.33936022253129344 0.09857440890125162 0.1668984700973574
2 0.89538421418637 0.22322670375521558 0.09153337969401946 0.16828929068150209
2 0.9086839360222533 0.46940194714881783 0.08214534075104311 0.15438108484005575
2 0.9666637691237829 0.7072322670375522 0.06667246175243392 0.16828929068150217
2 0.9235483310152992 0.920027816411683 0.08371001390820582 0.15994436717663418
2 0.7330493741307371 0.0611961057023644 0.09700973574408892 0.1223922114047288
2 0.8938195410292074 0.04242002781641168 0.08371001390820582 0.08484005563282336
