3 0.7177938108484005 0.8073713490959666 0.11969749652294866 0.2878998609179416
3 0.9466272600834492 0.7649513212795549 0.10639777468706527 0.27816411682892905
2 0.19793115438108486 0.6641168289290681 0.08762169680111268 0.14325452016689857
2 0.27029728789986096 0.821279554937413 0.09466272600834494 0.15438108484005553
2 0.15959666203059805 0.898470097357441 0.0844923504867872 0.15299026425591108
2 0.053198887343532675 0.6585535465924898 0.10639777468706538 0.1821974965229485
2 0.05124304589707927 0.8525730180806675 0.08996870653685674 0.14742698191933257
2 0.23313630041724617 0.3852573018080668 0.08918636995827534 0.17246175243393605
2 0.3516602920723227 0.3880389429763561 0.08683936022253129 0.14464534075104304
2 0.42402642559109877 0.586230876216968 0.07666898470097358 0.1515994436717662
2 0.5073452712100139 0.5417246175243393 0.07275730180806676 0.14603616133518776
2 0.302287447227 0.11398145023907297 0.06480894733810104 0.14072799993416227
2 0.4555143155763675 0.12056521631786422 0.08147410522504145 0.14566582449325577
2 0.49717721029371814 0.29585798816568043 0.07406736838640121 0.1555414736114426
2 0.5767996313090995 0.345647719136539 0.0777707368057213 0.1316753215758244
2 0.5552738023718018 0.1090436256799796 0.06342018418085602 0.14072799993416235
2 0.60735242076849 0.5160026664252618 0.063883105233271 0.13825908765461548
2 0.7228789986091795 0.37273991655076494 0.10170375521557716 0.18636995827538252
2 0.867220097357441 0.4102920723226704 0.08371001390820566 0.16133518776077885
2 0.6555980528511823 0.10778859527121001 0.07197496522948547 0.15438108484005564
2 0.8300591098748262 0.15924895688456187 0.11422114047287892 0.1877607788595271
2 0.7626068833274354 0.5891318481454353 0.07869657891055142 0.12015373093793975
