3 0.2878998609179416 0.7559109874826148 0.1345618915159945 0.1905424200278165
2 0.4206563603295174 0.7830319888734354 0.06559591312720656 0.11340537070717872
2 0.5777254734139295 0.9455440248207981 0.13299721835883177 0.10891195035840383
2 0.5864515352519524 0.7049320637637743 0.08425163153953129 0.19685460575585736
2 0.756760190435434 0.5546164544773724 0.08064084733069436 0.14657109232908952
2 0.6240638707606718 0.4417460147640955 0.12336846046859946 0.1947148817802504
2 0.44232106558253986 0.4643201027067508 0.06740130523162513 0.16689847009735737
2 0.44833903926393487 0.273349737883813 0.08184444206697343 0.16582860810955385
2 0.44322376163474914 0.11019578474376804 0.1257756499411576 0.15406012624371454
2 0.6445249812774152 0.2401840162619022 0.07462287364929927 0.16368888413394672
2 0.7663889483256656 0.16529367711565207 0.10411094468813516 0.24285867123141114
2 0.7796284904247353 0.3921044185300096 0.1161468920509256 0.17652722798758955
2 0.8801286509040334 0.32058414464534074 0.0735396383866481 0.1821974965229485
2 0.9497566063977747 0.10778859527121 0.06102225312934621 0.17941585535465923
2 0.8738699582753824 0.10848400556328233 0.046940194714881756 0.16133518776077885
2 0.833970792767733 0.723922114047288 0.09075104311543811 0.1710709318497914
2 0.7048852573018081 0.9353268428372741 0.09388038942976351 0.12934631432545202
2 0.9219836578581364 0.9082058414464533 0.11343880389429756 0.18358831710709325
