0 0.6861646291941332 0.5315372946946528 0.0940641841734918 0.13587048825059939
0 0.7115703575088488 0.3404227617707327 0.09616383114165018 0.17170446317383448
2 0.6452215133150464 0.07465411442340629 0.0718079263110139 0.1373635705390676
2 0.32441624908443395 0.7575717065838518 0.11698033108310543 0.20903152038553757
2 0.3563853232186379 0.9301576750319458 0.06575580595396581 0.12581525207011154
2 0.552837046716081 0.9279587795814127 0.0718079263110139 0.12019312422168411
0 0.5148334365924158 0.3247453977418174 0.09238446659896525 0.16423905173149386
2 0.44335740713942856 0.4458421964508584 0.06602440170370989 0.15082276709377943
2 0.4296910659265638 0.23191366906679478 0.052890515343294454 0.140725845447334
0 0.8100254706235472 0.82607370794037 0.0373216835044623 0.08116560296116063
0 0.7663627243877442 0.7578677133635355 0.035509951295507845 0.08567480312566957
0 0.8931100307611308 0.2300612328831084 0.07172980582391204 0.18667825753943654
