2 0.028946453407510432 0.8205841446453408 0.057892906815020864 0.1613351877607788
2 0.11969749652294855 0.9047287899860917 0.07510431154381086 0.10987482614742702
2 0.2260952712100139 0.9541029207232268 0.0672809457579972 0.07510431154381095
2 0.14434109874826148 0.5097357440890126 0.08214534075104313 0.17385257301808074
2 0.30237308762169673 0.5674547983310153 0.08058066759388037 0.17246175243393608
2 0.39742698191933246 0.4860917941585535 0.09857440890125176 0.1488178025034771
2 0.35009561891516 0.33379694019471484 0.06806328233657859 0.10570236439499305
2 0.39703581363004176 0.2079276773296245 0.05867524339360223 0.15159944367176637
2 0.47800764951321284 0.29902642559109877 0.0704102920723227 0.1502086230876217
2 0.5026512517385258 0.45966620305980527 0.055545897079276825 0.15994436717663418
2 0.47605180806675945 0.6668984700973575 0.07119262865090413 0.13769123783031995
2 0.6958883866481225 0.6801112656467316 0.09309805285118217 0.15855354659248952
2 0.6094401947148819 0.4666203059805285 0.13925591098748258 0.21001390820584143
2 0.641124826147427 0.2941585535465925 0.11030945757997224 0.18219749652294856
2 0.7490872739916551 0.5069541029207233 0.08214534075104311 0.15994436717663418
2 0.9356745479833103 0.5271210013908205 0.05945757997218365 0.15577190542420033
2 0.856267385257302 0.5605006954102921 0.08058066759388041 0.14186369958275385
