2 0.7420998208829349 0.65040206136006 0.09509721048182584 0.1980797617996239
2 0.5096793997426516 0.6459862704919155 0.08019391630183825 0.1640150893882236
2 0.4300076990788203 0.4871180966127262 0.07390757327917213 0.15005476999104672
2 0.565224963828215 0.48599828489637503 0.0621495502574858 0.12093966536591821
2 0.5475879292956853 0.23628027215008096 0.06718870298106559 0.17245100431806853
2 0.4148902409080806 0.26502210620309236 0.0907047490244387 0.177676792327707
2 0.657541174786095 0.3067372656338005 0.0796146779376533 0.19202181345472222
2 0.4863105400865115 0.8946228461792688 0.06105127338183372 0.14413986707903845
0 0.9450454969146052 0.4542275053199639 0.08504064643404106 0.22642346434498933
2 0.9225921293367488 0.14649551495958854 0.1100913794921307 0.253144249850169
2 0.8092046007580271 0.20216381064423217 0.09954370241504037 0.20978157742213077
2 0.6862582398281926 0.9027269780668334 0.07251527990499625 0.14532355083991177
2 0.595614139946947 0.7843586019794858 0.07844834826085964 0.20392175682374714
