3 0.2776831932911423 0.6187505657923973 0.0786965789105513 0.16788603500917618
2 0.023078929068150213 0.16689847009735742 0.046157858136300425 0.2948539638386648
2 0.19102437227905292 0.3044662623137 0.05925389470912098 0.07324439762655235
2 0.17736820123281022 0.47687863650204493 0.05971681576153598 0.09381866662277481
2 0.284302964340677 0.4624766482046892 0.0745302894388163 0.09134975434322812
2 0.4319747800610645 0.46288813358461367 0.08471455259194649 0.1349672046152201
2 0.45627813531285233 0.33656212194780705 0.06943815786225116 0.10616322802050839
2 0.3532087629926508 0.36128416357366816 0.07869657891055133 0.10040243270156612
2 0.42264692085490196 0.1629482104500827 0.0703639999670812 0.12015373093793977
2 0.5441636971138414 0.15471850285159366 0.08841792101126643 0.13825908765461561
2 0.5592086313173291 0.3028532396243961 0.07128984207191116 0.10534025726065956
2 0.5404603286945214 0.5180600933248841 0.09026960522092643 0.1703549472887228
2 0.3171009209042802 0.09381866662277488 0.06480894733810097 0.14155097069401124
2 0.21410098674194103 0.14731176601295354 0.0902696052209265 0.14648879525310463
2 0.19627852622396325 0.7321230176691823 0.09813926311198161 0.13085235081597546
2 0.09970607282784778 0.7821387490717838 0.07834048579330898 0.07913180383162512
2 0.22611912944886906 0.890165056281704 0.08546234813815523 0.1107845253642752
2 0.3708709816078695 0.8635767701942779 0.07656002020709743 0.14117113803561965
2 0.47704066896318126 0.7946620360666791 0.09361035194520788 0.14583662211173348
2 0.3695376146091439 0.6670549917189124 0.07376363421830881 0.15171713106785162
2 0.5370191038270145 0.9353144014826986 0.12734977208093667 0.12231458628726032
2 0.7216374574848728 0.7354232548157769 0.11320210529733203 0.19386293261928414
2 0.6345549205199069 0.5608177693629292 0.09450817965190104 0.126472484613533
2 0.6650723546932172 0.046157841099829566 0.06790528546417235 0.07405543736895732
2 0.756658895172206 0.18716750951469346 0.10385514247461672 0.13492292013796336
2 0.6679255179480144 0.32665549086033224 0.08844806089871185 0.15013979083021486
2 0.8063039358056764 0.44839045639834424 0.12782171381491267 0.21912293796842156
2 0.9283418785130564 0.673774390795895 0.07267860522915626 0.1670630642493272
2 0.9403685674547984 0.3623087621696801 0.06258692628650905 0.1404728789986091
2 0.8590055632823366 0.21279554937413075 0.0531988873435327 0.1474269819193324
