2 0.6391689847009736 0.8094575799721835 0.08918636995827527 0.15577190542420027
2 0.5116481223922115 0.6356050069541029 0.1236091794158554 0.16968011126564675
2 0.7170114742698191 0.6230876216968011 0.11813282336578582 0.1835883171070931
2 0.9075104311543811 0.9353268428372741 0.15646731571627256 0.12934631432545202
2 0.37825973574408905 0.7197496522948541 0.09622739916550764 0.18776077885952716
2 0.4334144645340751 0.46870653685674557 0.09857440890125176 0.12795549374130735
2 0.5570236439499304 0.46522948539638376 0.0844923504867873 0.11265646731571628
2 0.6880650208623088 0.4624478442280946 0.12752086230876217 0.17663421418637001
2 0.782336578581363 0.28303198887343534 0.10639777468706527 0.1627260083449235
2 0.8500950960800275 0.48645231865681055 0.09767125501503457 0.1890119657235391
2 0.8299513154011922 0.7761700405905458 0.08597105259135844 0.14921997293963613
2 0.7427085016768256 0.8892154746357247 0.07121862344846278 0.20709923517076775
2 0.14590577190542423 0.5771905424200278 0.10874478442280948 0.18080667593880392
2 0.2139690542420028 0.28372739916550765 0.11187413073713494 0.2559109874826147
2 0.05359005563282336 0.2851182197496523 0.10718011126564672 0.23643949930458974
2 0.1271296940194715 0.06815020862308763 0.1462969401947149 0.13630041724617525
2 0.5546402011772013 0.2823064335290786 0.11917481454104724 0.16927465066540498
2 0.34608427573036865 0.33527301776954405 0.08661674665096733 0.11576201916472847
2 0.35837033908511584 0.06497962396510706 0.1345323937344812 0.12995924793021413
2 0.14668810848400557 0.8171070931849792 0.12439151599443672 0.16272600834492337
2 0.9678372739916551 0.504172461752434 0.06432545201668986 0.29068150208623095
