2 0.07158379694019472 0.10987482614742698 0.0868393602225313 0.1140472878998609
2 0.026599443671766348 0.282336578581363 0.051634214186369966 0.08901251738525734
2 0.032466968011126564 0.44367176634214184 0.06493393602225313 0.1613351877607788
3 0.29464924986215235 0.898774596538585 0.05786513155187592 0.15142661981219788
2 0.17521561833908042 0.7580465966044226 0.07082692101949617 0.1563644443712917
2 0.1754470788652879 0.582342339376682 0.07128984207191115 0.12920640929627766
2 0.273354881451062 0.7226588539309199 0.08471455259194642 0.09875649118186815
2 0.43144242085078716 0.7580465966044226 0.08702915785402134 0.16953197652887397
2 0.48213227609023046 0.6420077194657274 0.06527186839051609 0.11027808181975281
2 0.38839076297619146 0.9423920468105769 0.07684489470089119 0.11521590637884643
2 0.5564311050028391 0.7605155088839695 0.07128984207191116 0.14155097069401124
2 0.22226691410654179 0.46322555159615175 0.09628757890232159 0.17776168412736296
2 0.3187859535350709 0.36200014813473674 0.10786060521269675 0.21397239756071465
2 0.4458577824229905 0.4504695048184938 0.11017521047477188 0.1670630642493272
2 0.34748705878480135 0.5969583000715984 0.05601344734221591 0.0962875789023218
2 0.40389861823209416 0.21026902914139456 0.0939729736402466 0.1720008888084206
2 0.26039309198344185 0.15060364905234916 0.10137971047888669 0.14648879525310465
2 0.37612335508719363 0.04444042103184072 0.11063813152718692 0.08888084206368145
2 0.5217120260717136 0.13126383619589993 0.07591905259606122 0.12591452625688207
2 0.5355996576441638 0.2896857074668137 0.06943815786225116 0.13496720461522005
2 0.5471726839545384 0.4221839998024867 0.06573478944293096 0.11521590637884682
2 0.5594400918435367 0.5633234851165737 0.06342018418085608 0.11933076017809079
2 0.6608290607434718 0.5438026186929579 0.062031421023610915 0.1341442338553712
2 0.664532429162792 0.7906938466476287 0.0851774736443614 0.19998189464328334
2 0.7809478154241176 0.7650418480631385 0.07869657891055126 0.1802305964069096
2 0.8135837496193759 0.5938639300145666 0.07175276312432616 0.13908205841446444
2 0.7228512233460345 0.9646122573264972 0.0810111841726264 0.07077548534700569
2 0.9082927677329624 0.24339360222531298 0.1251738525730181 0.1863699582753825
2 0.693932545201669 0.131432545201669 0.10796244784422811 0.17941585535465926
2 0.6931502086230875 0.3414464534075104 0.10326842837273986 0.2183588317107093
2 0.9463230180806675 0.9269819193324063 0.10735396383866487 0.1460361613351877
2 0.964316759388039 0.6863699582753824 0.07136648122392203 0.17663421418636993
