3 0.7237770654508645 0.21314942680086574 0.0865662368016065 0.08394301750458809
3 0.5367569602752014 0.18599139172585197 0.17081786834113785 0.17282385956826954
3 0.7881230917365505 0.30943700570318733 0.04490334208425566 0.09711054966217049
0 0.10278059555153701 0.4106846167831844 0.02042227254097927 0.028238204007280034
2 0.14513756160827657 0.6747042275937644 0.0985585302084111 0.14761277583725493
2 0.12387322118659885 0.909324533904198 0.07763171899977586 0.11040955591079225
2 0.026327278617315285 0.8097159128107657 0.05265455723463057 0.17761537255214407
2 0.1755151907821019 0.5204908804792338 0.09720841335624103 0.16081391839180625
2 0.24673385473407017 0.3950800262109969 0.06818090103458577 0.10440903656781451
2 0.3648690792989464 0.5942972683978612 0.088432653817136 0.1668144377347839
2 0.39423412083364423 0.3692777930361922 0.07695666057369074 0.18481599576371757
2 0.4809791285855677 0.37647841624776546 0.05062938195637564 0.10560914043640998
2 0.556923201520131 0.34347555986138745 0.055354790938970666 0.09000779014466762
2 0.5977642362982739 0.5582941523399942 0.08303218640845593 0.12841111393972582
2 0.1967795312037796 0.2436210853249004 0.07223125159109577 0.08400727080168977
2 0.08877018303017845 0.12121049072815239 0.0641305504780757 0.13681184101989477
2 0.1934042390733546 0.05580482988969394 0.09923358863449608 0.11160965977938787
2 0.7898183585194585 0.06660576470705404 0.10530911446926111 0.13321152941410808
2 0.7749670731455884 0.4638401452121872 0.08100701113020094 0.1548133990488283
2 0.6544691440894147 0.25802233174804723 0.045228914547695426 0.1392120487570859
2 0.3071515838686783 0.24122087758770924 0.052654557234630556 0.0960083094876455
2 0.3631814332337339 0.05940514149548064 0.05130444038246061 0.11881028299096127
2 0.021939398847762737 0.3894337053592619 0.043878797695525475 0.15241319131163716
2 0.9172896383866481 0.10222531293463144 0.08371001390820595 0.14047287899860916
2 0.871914116828929 0.5243393602225314 0.06023991655076486 0.14186369958275385
2 0.9690107788595271 0.6029207232267038 0.06197844228094567 0.15159944367176628
2 0.8374913073713492 0.6717663421418638 0.10248609179415852 0.17246175243393608
2 0.6631344075844986 0.38458246578499067 0.05693928944704602 0.07900519294549468
2 0.6804939470500614 0.534363144077491 0.05277299997531088 0.10863214030005515
