3 0.31914633916006196 0.50802124865128 0.08986489023717528 0.14109627626023788
3 0.2679149531369994 0.640532301752826 0.0839858787263321 0.1045157601927687
3 0.3323741150594593 0.3471416320688393 0.08188623175817383 0.08361260815421502
3 0.20705468086762124 0.2628752942476958 0.0643626744718902 0.07905556783618035
3 0.17161683122184182 0.1847568670230501 0.06928382513364378 0.07928264025510197
3 0.059312239165343554 0.75686893668014 0.09787585097722548 0.11427822130967584
3 0.05669046814027416 0.19323930387289398 0.05394477595114408 0.07063427749291516
0 0.4545895189972666 0.2949152183593771 0.08187326556197824 0.10363945658107315
0 0.5105291062006078 0.24957295610515762 0.07372880458984434 0.10744973072008314
2 0.41300990245531954 0.07353829088289376 0.056153915123660456 0.1074497307200831
2 0.3394954257857946 0.1440283624545795 0.0642983760957944 0.08992246968063693
3 0.7914867424744361 0.5888835352781618 0.04703209208674607 0.07540065556764042
3 0.4431621736935304 0.752946378903527 0.08174956834604508 0.11441074340628532
3 0.4596860226145396 0.6597391709547772 0.09144024666062193 0.11794466598254133
2 0.535410929471553 0.5627753828623017 0.06125890816414128 0.1083602019970143
2 0.6504164574327699 0.25129765438001056 0.07075403892958328 0.14212066694080772
2 0.6259128941671134 0.06969902440008961 0.0499260101537751 0.11761710367515121
2 0.7439791910381599 0.8286274674812216 0.10910211544033559 0.14808864374478503
2 0.721507420357256 0.4491503146594838 0.05893106965390388 0.14369978546237236
2 0.7710811917890874 0.32491724890260526 0.07525656867964756 0.1160924375163993
2 0.8761907224162312 0.9255802784005291 0.05010146611617941 0.1183683760873474
3 0.8926170365616284 0.7276295788954897 0.019704379239639566 0.10681280986733512
