2 0.41247780468573664 0.7347839755545187 0.06331243165523504 0.11772379582152538
2 0.5029462045265348 0.5794307804093612 0.04522316546802486 0.08843641247080435
0 0.5166333368336382 0.3465437018865318 0.0659229817318149 0.10124660442177479
2 0.3071248440619632 0.18465174673664048 0.05369974267341078 0.08960424898331304
2 0.6686568037057978 0.3462802384408769 0.07041892908592459 0.10107018568091927
2 0.6322270772560938 0.6154613201313053 0.07279540015579095 0.09649688352049089
2 0.709573255729049 0.6008466871999195 0.06539412488479783 0.1290785994458097
2 0.6873595700207218 0.2628587372820296 0.07164503388113844 0.11027244588416849
3 0.8388089637792417 0.8820464992110179 0.08104637297091045 0.11198117163510943
3 0.8482573751359541 0.6259747494402618 0.09406418417349201 0.07092140870223589
2 0.8173925647040272 0.39193410072288304 0.06844849116196074 0.12243274765438635
2 0.7403355209726175 0.08585223158691724 0.08230616115180524 0.1388566528275357
2 0.5620593422454533 0.8269378828438851 0.05665319630060275 0.08216369989795012
2 0.25903928571657164 0.8893440493309864 0.060877338130033605 0.1294299143553731
