3 0.8775914874436818 0.17820482222882 0.026706983793173437 0.09812343675121529
3 0.8596087850229449 0.24625817352401771 0.03845805666216961 0.054442681036158194
3 0.906256983381688 0.23581277541824316 0.015668097158661992 0.06900293294117724
3 0.9473857384231752 0.32950483115488743 0.04379945342080461 0.06267238863464715
3 0.9610693682053477 0.08723490054398365 0.07786126358930474 0.0691295438273078
2 0.3320568318284574 0.3484964640744775 0.0786965789105513 0.12471172283864139
2 0.4978181779047543 0.3684376786400471 0.1125254250485711 0.15066695449541442
2 0.35733944315266164 0.46307931602267083 0.08083313761400522 0.10318787219643923
2 0.4465407690218612 0.535247521117113 0.06694550604155496 0.13610670259039537
2 0.557641821601463 0.528916976810583 0.07691611332433979 0.12217950511602922
2 0.40024866378036045 0.7809631669940613 0.08403797566918599 0.1228125595466824
2 0.413424109118326 0.9338458119967612 0.08047704449676289 0.13230837600647746
2 0.5330713965117434 0.8854171480518066 0.09614514165542473 0.18738411147328862
2 0.7146454135523027 0.7297883129289339 0.07834048579330898 0.12471172283864149
2 0.7517125704985239 0.6017182363356782 0.05555052628980093 0.08039791269293126
2 0.6991888357052827 0.4000904001726972 0.10077435217957471 0.15573138994063854
2 0.6869036231604226 0.9724621322665944 0.07905267202779342 0.0550757354668113
2 0.6215605361464582 0.8575627531030744 0.10504746958648262 0.12914310385321243
2 0.5717074997325343 0.7075288530383133 0.08083313761400511 0.11141757979492838
2 0.6099557914733691 0.4436844007391245 0.06483261124120418 0.12172653539164849
2 0.7482212583041001 0.16671242890595336 0.08798711525591997 0.1593617927108055
2 0.5682776842468809 0.12760704434776676 0.073432855589527 0.14348441852928617
2 0.6686689980821126 0.26491692847312875 0.08964100839982798 0.11819823001797751
2 0.39884369138809445 0.26665029743055374 0.07309804258790314 0.11432942180111631
2 0.41681861989331664 0.06249061564284616 0.06271252834044155 0.09799664725809965
2 0.05867524339360223 0.3198887343532684 0.11735048678720446 0.152990264255911
2 0.05437239221140473 0.6613351877607789 0.10874478442280947 0.12656467315716277
2 0.057501738525730185 0.05146036161335187 0.1103094575799722 0.10292072322670374
2 0.19928288385413664 0.2773164569462847 0.1041572367933767 0.1448428537334068
2 0.3469593287850482 0.13249829233567328 0.06712355260017613 0.12015373093793975
2 0.9404889269284261 0.7790734995185621 0.084853428907671 0.1915052958168397
