2 0.41581189151599446 0.38178025034770513 0.10092141863699589 0.1821974965229485
2 0.4541463838664812 0.5834492350486787 0.08371001390820582 0.1627260083449236
2 0.5026512517385258 0.7670375521557719 0.10874478442280953 0.15716272600834486
2 0.34853094575799726 0.7830319888734354 0.13690890125173852 0.1613351877607788
2 0.3434457579972184 0.5709318497913769 0.08762169680111268 0.2044506258692629
2 0.3180198191933241 0.3720445062586926 0.09622739916550764 0.1655076495132128
2 0.32476419013146424 0.19766801610185566 0.06831174085872953 0.15244984248378413
2 0.20994232783700403 0.35334772812978776 0.10028744934579442 0.1769968510193087
2 0.1783299796736558 0.5296986052402669 0.14171052624949212 0.17570490320164958
3 0.5680995037229153 0.4446593891240492 0.10148288331021128 0.11314099231571577
2 0.5812668194649044 0.5896667791393372 0.10924936836994177 0.14731176601295368
2 0.723383582556312 0.6645571182855874 0.13795047361967205 0.16047929817053594
2 0.663828789163121 0.8436355556287084 0.08795499995885152 0.20738863148192338
2 0.7113644811371447 0.18796846940927592 0.09039286822304887 0.21036885695545904
2 0.6000169025532982 0.22181253320187863 0.09833648391537743 0.16021146744987502
2 0.5083914043090261 0.3009443370335039 0.08601018370314342 0.12661088613060034
2 0.6543895823783745 0.38738061506497146 0.06738377449354552 0.12028034182407034
2 0.9208101529902644 0.8289290681502086 0.1439499304589708 0.26147426981919336
2 0.8378824756606398 0.5625869262865091 0.10952712100139081 0.2127955493741308
2 0.9482788595271211 0.4374130737134909 0.10344228094575797 0.21557719054242008
2 0.8343619610570238 0.36369958275382475 0.12282684283727391 0.16550764951321276
2 0.9043810848400556 0.19541029207232266 0.0891863699582754 0.13769123783031992
2 0.07784248956884562 0.42141863699582754 0.04772253129346315 0.11404728789986088
2 0.7737308762169681 0.9575799721835884 0.08762169680111256 0.08484005563282337
2 0.45062586926286513 0.9297635605006954 0.10326842837274 0.11821974965229487
