2 0.06236673773987207 0.6311300639658849 0.09594882729211088 0.25159914712153525
2 0.08095682302771856 0.42324093816631136 0.11633795309168445 0.19829424307036242
2 0.2756836469191851 0.8680115256994176 0.10263074380357785 0.2270978160760019
2 0.35511329172461376 0.320266150876413 0.06933034288858714 0.1261654533755567
2 0.33655241252609436 0.12956221558182165 0.0704221593120295 0.16983811031324936
2 0.44382337612930206 0.29018054276378036 0.10263074380357792 0.196041704475865
2 0.5527320643676731 0.6938061496923988 0.048585830843183186 0.19118918703834362
2 0.6219833326396731 0.9232363501611757 0.06790067118376931 0.15352729967764872
2 0.7096608983429868 0.3726845900571933 0.10218062168431302 0.1781385461908597
2 0.5926476057690153 0.31525834819303455 0.10943214967481246 0.2226731827385746
