2 0.027381780250347706 0.9186369958275381 0.05476356050069541 0.09874826147426986
2 0.058284075104311536 0.700278164116829 0.09466272600834491 0.2072322670375521
2 0.17328755215577193 0.8699582753824757 0.10405076495132129 0.16828929068150203
2 0.3626130041724618 0.6453407510431154 0.10874478442280947 0.17524339360222535
2 0.49873956884561893 0.831710709318498 0.1384735744089013 0.18636995827538244
2 0.7533901251738527 0.8796940194714881 0.16742002781641177 0.23783031988873446
2 0.7956363004172462 0.5542420027816413 0.09388038942976351 0.2517385257301808
2 0.9650990959666202 0.6237830319888734 0.06980180806675947 0.25173852573018074
2 0.9524947844228094 0.3643949930458971 0.07119262865090406 0.1891515994436718
2 0.922374826147427 0.08692628650904034 0.13143254520166905 0.1599443671766342
2 0.8316237830319889 0.3184979137691238 0.12204450625869256 0.21418636995827542
2 0.622739916550765 0.38247566063977745 0.11735048678720439 0.13630041724617523
2 0.6575538942976356 0.5931849791376913 0.08996870653685668 0.16828929068150203
2 0.3809979137691238 0.34492350486787204 0.1283031988873435 0.18080667593880384
2 0.2116220445062587 0.22531293463143257 0.0774513212795549 0.10013908205841446
2 0.16429068150208626 0.06258692628650904 0.15646731571627265 0.12517385257301808
2 0.041072670375521564 0.10848400556328233 0.07901599443671768 0.12795549374130735
2 0.07353963838664813 0.36578581363004176 0.1189151599443672 0.11404728789986088
2 0.21044853963838667 0.586230876216968 0.09857440890125169 0.14881780250347695
2 0.3520514603616134 0.08970792767732963 0.09700973574408905 0.16828929068150209
2 0.5179068150208623 0.1502086230876217 0.0876216968011127 0.15577190542420027
2 0.6567715577190544 0.17524339360222535 0.0868393602225312 0.16133518776077888
2 0.7596488178025035 0.1620305980528512 0.06415159944367176 0.10709318497913771
0 0.8264921251194098 0.15509833550998545 0.021365587034538863 0.06457155192660619
