2 0.4517878011044268 0.6645735777007843 0.07267860522915626 0.13332126309552217
2 0.5496956036902009 0.6802100221379135 0.07406736838640128 0.1300293800561267
2 0.6992191036202483 0.6752721975788201 0.10647184205545188 0.14484285373340675
2 0.5115277629185835 0.838697731069615 0.09536173679749155 0.14484285373340683
2 0.3682536971961386 0.9316934269325411 0.07823365785813628 0.13002938005612663
2 0.28515936828764477 0.8790232983022114 0.10369431574096169 0.1448428537334067
2 0.15438417098040505 0.9555595789681592 0.07175276312432619 0.08888084206368148
2 0.1317010394120697 0.7872620585790586 0.07175276312432619 0.10451728650081066
2 0.23423805252199387 0.5147682102854886 0.0981392631119816 0.1489577075326514
2 0.35344022351885834 0.6176395552666013 0.06434602628568613 0.11768481865839299
2 0.4004267103389816 0.25018311099406637 0.06388310523327106 0.13332126309552222
2 0.299046999860095 0.23701557883648391 0.10924936836994181 0.14648879525310463
2 0.06493393602225313 0.48331015299026425 0.10639777468706538 0.13212795549374134
2 0.03246696801112656 0.8108484005563282 0.06493393602225311 0.15577190542420027
2 0.5263412365958636 0.29215461974636037 0.07221568417674128 0.15471850285159358
2 0.5636063813152719 0.484318292171079 0.09119544732575648 0.12262264321748653
2 0.6369793681230504 0.2621161870118754 0.08332578943470131 0.14731176601295357
2 0.5119906839709985 0.06378023388828995 0.10276847363613172 0.1275604677765799
2 0.6119816312926402 0.10534025726065951 0.07036399996708105 0.10204837422126391
2 0.12986787204450628 0.06397774687065369 0.11422114047287903 0.12795549374130738
2 0.1478616133518776 0.23504867872044508 0.09857440890125174 0.20305980528511824
2 0.7691062949033421 0.48568442363242825 0.06017973681395091 0.16706306424932713
2 0.8174815448807103 0.5753882364559587 0.06804939470500614 0.1324982923356734
2 0.7295635786060521 0.8049559299158102 0.06943815786225116 0.09546460814247283
2 0.665217552320366 0.9650237427064218 0.06110557891878095 0.06995251458715657
2 0.8013163417303782 0.931693426932541 0.09628757890232151 0.10204837422126403
2 0.8550151838105192 0.7790323509805697 0.06943815786225116 0.176938713367514
2 0.8906901947148819 0.3852573018080668 0.08058066759388041 0.17802503477051462
2 0.8992958970792767 0.14186369958275385 0.08840403337969406 0.16133518776077888
2 0.9493654381084841 0.584144645340751 0.07901599443671771 0.1557719054242002
2 0.9744871349095967 0.758692628650904 0.05102573018080662 0.1404728789986092
