2 0.5623640688552816 0.6946246687885553 0.0895289467222701 0.21254026376343788
2 0.42799203798938834 0.2518456550073612 0.08734531387538545 0.16013307543820654
2 0.5740224846247984 0.12810646035056522 0.07369760858235651 0.1552805580006851
2 0.5783897503185677 0.35180751422030226 0.05295309653695234 0.16983811031324933
2 0.27366589232354777 0.48975251199496517 0.09361843559547665 0.17683482279145593
2 0.3696247888089114 0.4845514877952165 0.08503674566589133 0.1497894969527627
2 0.3255191021017721 0.3245439100643192 0.07372451803143783 0.15395031631256167
2 0.7928311264491934 0.9056880945112237 0.08932759063068403 0.17336747332495692
2 0.5748367480125567 0.8969325676683674 0.06470472174837426 0.16564408767583813
2 0.31397255707288385 0.8349662666060871 0.07588124142924123 0.17080861380075377
0 0.44395766954938554 0.7644620997493635 0.11573254088488553 0.23097983002601907
3 0.16054223741148868 0.19180364782629003 0.09561469270382421 0.13897150531126404
