2 0.37669506258692637 0.8365785813630042 0.09466272600834494 0.1404728789986092
2 0.4678372739916551 0.7753824756606398 0.08449235048678716 0.14325452016689852
2 0.5652381780250348 0.6689847009735743 0.07119262865090406 0.1613351877607788
2 0.633692628650904 0.8386648122392212 0.08292767732962453 0.14186369958275377
2 0.5554589707927677 0.945757997218359 0.08292767732962446 0.10848400556328229
2 0.26325625869262864 0.9541029207232268 0.07745132127955497 0.09179415855354663
2 0.07706015299026425 0.7990264255910986 0.1541203059805285 0.24061196105702365
2 0.11578581363004173 0.5521557719054242 0.0782336578581363 0.13073713490959676
2 0.2624739221140473 0.5305980528511822 0.06336926286509041 0.09874826147426986
2 0.17094054242002785 0.4826147426981919 0.06180458970792767 0.11126564673157155
2 0.10718011126564674 0.3796940194714882 0.08136300417246176 0.11682892906815028
2 0.09075104311543811 0.1592489568845619 0.08292767732962446 0.1349095966620306
2 0.20223400556328236 0.22948539638386647 0.0774513212795549 0.1474269819193324
2 0.27186196105702365 0.38038942976356055 0.0618045897079277 0.10709318497913763
2 0.3352312239221141 0.34770514603616137 0.08371001390820589 0.11126564673157162
2 0.40525034770514606 0.4749652294853963 0.09231571627260081 0.11265646731571628
2 0.35322496522948543 0.5924895688456189 0.08058066759388037 0.12517385257301805
2 0.49834840055632823 0.47426981919332406 0.06728094575799723 0.11404728789986095
2 0.4623609179415855 0.31084840055632823 0.0735396383866481 0.15159944367176637
2 0.3946888038942976 0.25382475660639775 0.06336926286509041 0.09040333796940196
2 0.31449930458970793 0.16828929068150209 0.08292767732962446 0.12795549374130738
2 0.590664116828929 0.2378303198887344 0.08918636995827534 0.13908205841446455
2 0.7749043810848399 0.17732962447844225 0.08840403337969406 0.13212795549374126
2 0.7220966620305981 0.347009735744089 0.09231571627260095 0.15159944367176637
2 0.8218445757997219 0.5465924895688457 0.09622739916550771 0.2114047287899861
2 0.7252260083449236 0.6432545201668985 0.11578581363004162 0.1877607788595271
2 0.7885952712100139 0.8956884561891516 0.05789290681502081 0.13073713490959676
