3 0.7146644645340752 0.16620305980528513 0.19010778859527114 0.21835883171070933
2 0.7436109179415855 0.9283727399165508 0.20731919332406107 0.14325452016689838
2 0.6035726703755216 0.7183588317107094 0.12439151599443676 0.2044506258692629
2 0.47526947148817805 0.24200278164116829 0.10561543810848406 0.19193324061196101
2 0.4181589012517385 0.6008344923504868 0.12752086230876208 0.16411682892906826
2 0.33249304589707934 0.7030598052851182 0.0891863699582754 0.15716272600834494
2 0.49130737134909597 0.8609179415855354 0.10952712100139081 0.18080667593880392
2 0.2413508344923505 0.23783031988873432 0.11813282336578582 0.16968011126564672
2 0.3101964534075104 0.40055632823365783 0.07745132127955497 0.1446453407510431
2 0.4295027816411683 0.43602225312934634 0.06571627260083446 0.13769123783031978
2 0.19323713490959668 0.5445062586926287 0.1017037552155772 0.14603616133518776
2 0.2163160639777469 0.7663421418636996 0.06806328233657855 0.13351877607788595
2 0.3371870653685674 0.9541029207232268 0.10483310152990263 0.09179415855354663
2 0.04850486787204451 0.9040333796940194 0.09700973574408903 0.1752433936022254
2 0.5703233657858137 0.11821974965229487 0.05789290681502088 0.12795549374130738
2 0.5703233657858137 0.4304589707927678 0.07353963838664818 0.15994436717663418
2 0.06023991655076496 0.2058414464534075 0.114221140472879 0.20027816411682892
