2 0.5244062265967689 0.49074569380549904 0.11373970257836724 0.14550123034128581
2 0.5165828608109553 0.29014657109232905 0.08244623943511278 0.11447523269498233
2 0.3751604792981705 0.3056595699154808 0.08966780785278701 0.12410399058521449
2 0.3992323740237509 0.38054990906173103 0.08003904996255486 0.1433615063656788
2 0.3673371135123568 0.5688456189151598 0.07161388680860163 0.10698619878035721
2 0.38990451481758853 0.6993687814271959 0.06980849470418313 0.08986840697550036
2 0.5123702792339787 0.6827859206162404 0.07883545522627586 0.127313576548625
2 0.5912057344602546 0.616454477372419 0.04393120787418425 0.08879854498769653
2 0.698626564673157 0.6758318176955173 0.08064084733069436 0.130523162512036
2 0.7083155023002032 0.3878249705787952 0.07341927891302034 0.12089440462180384
2 0.633692628650904 0.16957312506686634 0.06138333155023006 0.1743875040119824
2 0.5542553760564887 0.09842730287792874 0.061383331550229986 0.14550123034128595
2 0.4907657537177705 0.11340537070717875 0.09087140258906601 0.14550123034128595
2 0.41704557612068044 0.11501016368888413 0.0493473841874399 0.09093826896330373
2 0.7480341285974109 0.10217181983524125 0.07703006312185721 0.1444313683534824
2 0.87200438643415 0.17599229699368776 0.0481437894511609 0.11447523269498232
2 0.8358965443457794 0.3268428372739916 0.0878624157483685 0.15940943618273237
2 0.8395073285546164 0.5862843693163581 0.07101208944046221 0.13052316251203608
2 0.7898590456831067 0.7563924253771261 0.06439231839092756 0.12624371456082173
2 0.8416136193431046 0.9115224136086443 0.05957793944581155 0.10270675082914295
2 0.666791483898577 0.8649834171391889 0.0674013052316252 0.11447523269498219
2 0.4844468813523055 0.9363432117256874 0.06499411575906713 0.0952177169145179
2 0.3851503156092864 0.8978281801647586 0.07582646838557822 0.10591633679255366
2 0.2999959880175457 0.7785385685246602 0.09568578153418208 0.12624371456082173
2 0.26388814592917514 0.578474376805392 0.10050016047929819 0.1711779180485717
2 0.23229378410185084 0.35166363539103457 0.1011019578474377 0.15406012624371457
2 0.24944500909382689 0.9379480047073927 0.09087140258906605 0.12196426660960726
2 0.050069541029207236 0.5834492350486787 0.10013908205841447 0.17385257301808069
2 0.13182371349095967 0.885952712100139 0.08058066759388038 0.10570236439499298
2 0.03051112656467316 0.844923504867872 0.06102225312934632 0.19888734353268434
2 0.1505997913769124 0.5417246175243393 0.07745132127955495 0.14603616133518776
2 0.28125 0.056328233657858134 0.08996870653685676 0.11265646731571627
2 0.1525556328233658 0.09596662030598054 0.1017037552155772 0.15577190542420027
2 0.27264429763560505 0.21627260083449237 0.09935674547983314 0.13490959666203062
2 0.9505389429763561 0.4436717663421419 0.09388038942976351 0.21418636995827542
2 0.9638386648122392 0.9283727399165507 0.07041029207232256 0.11821974965229487
