2 0.03716098748261474 0.6801112656467316 0.07432197496522948 0.21418636995827547
2 0.2190542420027817 0.7489568845618916 0.10639777468706538 0.1210013908205842
2 0.2151425591098748 0.9283727399165508 0.07823365785813628 0.14325452016689838
2 0.3062847705146036 0.6147426981919333 0.13065020862308763 0.19193324061196107
2 0.04967837273991656 0.38386648122392214 0.09935674547983311 0.19749652294853967
2 0.10678894297635605 0.196105702364395 0.09779207232267038 0.2058414464534075
2 0.3356223922114048 0.23296244784422812 0.14551460361613353 0.1933240611961057
2 0.4975660639777469 0.3226703755215577 0.0891863699582754 0.1808066759388039
2 0.37630389429763567 0.40611961057023643 0.09388038942976358 0.12239221140472878
2 0.40094749652294853 0.825452016689847 0.07745132127955494 0.157162726008345
2 0.5726703755215578 0.7809457579972183 0.14238525730180804 0.23783031988873446
2 0.7698191933240612 0.18150208623087621 0.14238525730180812 0.21835883171070933
2 0.9411509040333798 0.3748261474269819 0.08605702364395 0.20166898470097358
2 0.9337187065368567 0.778164116828929 0.11500347705146041 0.23783031988873432
2 0.8003303198887344 0.7364394993045897 0.11578581363004176 0.20723226703755215
2 0.6110048678720446 0.3748261474269819 0.07823365785813635 0.23504867872044508
2 0.5116481223922115 0.057719054242002785 0.14864394993045893 0.11543810848400557
2 0.9564933936022254 0.13351877607788595 0.08701321279554933 0.2475660639777469
