2 0.09700973574408903 0.741307371349096 0.11265646731571628 0.20027816411682892
2 0.29728789986091797 0.6251738525730182 0.07823365785813632 0.09318497913769114
2 0.06884561891515995 0.4833101529902642 0.08292767732962447 0.1877607788595271
2 0.22570410292072324 0.28720445062586925 0.12439151599443672 0.1432545201668985
2 0.32623435326842837 0.10152990264255911 0.10952712100139086 0.16133518776077885
2 0.42598226703755215 0.24965229485396384 0.08058066759388041 0.13490959666203062
2 0.43928198887343534 0.4714881780250348 0.11187413073713487 0.18358831710709325
2 0.5421592489568846 0.6773296244784422 0.07823365785813628 0.133518776077886
2 0.4017298331015299 0.8539638386648122 0.10092141863699589 0.1446453407510431
2 0.7451755910987482 0.32336578581363 0.12282684283727406 0.1905424200278164
2 0.61413421418637 0.32614742698191934 0.07979833101529919 0.13769123783031986
2 0.59692280945758 0.08623087621696801 0.0876216968011127 0.16133518776077885
2 0.7076234353268428 0.1571627260083449 0.11969749652294866 0.16133518776077885
2 0.905163421418637 0.18358831710709317 0.06415159944367176 0.17802503477051462
2 0.7666898470097356 0.6710709318497914 0.10483310152990256 0.17663421418636993
2 0.66576842837274 0.8212795549374131 0.09544506258692628 0.18497913769123783
2 0.6090490264255911 0.9471488178025035 0.1384735744089012 0.10570236439499298
2 0.061022253129346324 0.08762169680111265 0.0829276773296245 0.15855354659248955
2 0.07236613351877608 0.28303198887343534 0.11500347705146036 0.14603616133518774
