2 0.2519123783031989 0.8268428372739917 0.09857440890125169 0.19332406119610582
2 0.19206363004172464 0.6397774687065368 0.11656815020862306 0.17246175243393602
2 0.04381084840055634 0.67663421418637 0.08762169680111268 0.18497913769123783
2 0.06102225312934631 0.8949930458970792 0.0844923504867872 0.21001390820584148
2 0.28140044934203484 0.38386648122392214 0.20701829463999138 0.2514175671338396
2 0.3203668289290682 0.10709318497913771 0.09622739916550767 0.21418636995827542
2 0.4713577885952712 0.5799721835883171 0.1353442280945758 0.17246175243393608
2 0.47761648122392214 0.2273991655076495 0.11969749652294859 0.2767732962447844
2 0.6156988873435327 0.13421418636995827 0.10326842837273993 0.1933240611961057
2 0.7084057719054242 0.3991655076495132 0.1384735744089013 0.19193324061196104
2 0.74048157162726 0.5980528511821975 0.09466272600834501 0.14186369958275385
2 0.8288856050069542 0.17663421418636993 0.06806328233657866 0.18358831710709317
2 0.8676112656467316 0.4339360222531293 0.0813630041724619 0.1780250347705146
3 0.7237215149245749 0.8173745586819298 0.13299721835883177 0.22788060340216107
3 0.9313716968011128 0.7406119610570236 0.10248609179415852 0.27399165507649514
