2 0.04967837273991656 0.8984700973574408 0.09935674547983311 0.1335187760778861
2 0.1286943671766342 0.7552155771905424 0.11969749652294856 0.18080667593880378
2 0.2190542420027817 0.8720445062586927 0.12047983310152993 0.20305980528511827
2 0.3880389429763561 0.5507649513212796 0.1689847009735744 0.29207232267037553
2 0.38217141863699583 0.8616133518776078 0.13377955493741303 0.19054242002781635
2 0.49873956884561893 0.7016689847009735 0.1071801112656467 0.22948539638386642
2 0.6305632823365787 0.4798331015299027 0.09544506258692628 0.19749652294853967
2 0.7702103616133519 0.47357440890125174 0.13377955493741311 0.21279554937413075
2 0.7475226008344924 0.6870653685674548 0.09935674547983311 0.1835883171070931
2 0.856267385257302 0.7225312934631433 0.11500347705146041 0.23226703755215589
2 0.6454276773296246 0.7308762169680111 0.12673852573018088 0.22670375521557717
2 0.47526947148817805 0.2955493741307372 0.14316759388038947 0.28511821974965235
2 0.14277642559109874 0.48748261474269816 0.14942628650904033 0.262865090403338
2 0.2679502781641168 0.17107093184979139 0.09779207232267037 0.2058414464534075
2 0.8996870653685676 0.372739916550765 0.10326842837274 0.17802503477051462
2 0.7686456884561892 0.27746870653685674 0.0758866481223923 0.12100139082058411
2 0.6524687065368567 0.2148817802503477 0.12517385257301805 0.1905424200278164
2 0.9407597357440891 0.08344923504867871 0.10248609179415837 0.16689847009735742
