2 0.49979271423986305 0.5525837167005456 0.1089253236332513 0.16796833208516104
2 0.542821226061838 0.32523804429228625 0.09869476837487959 0.1668984700973574
2 0.434798598480796 0.26479084198138436 0.06800310259976464 0.14871081630469665
2 0.5584679576334652 0.10591633679255376 0.09749117363860052 0.160479298170536
2 0.7835401733176419 0.25676687707285756 0.09388038942976351 0.1711779180485717
2 0.776017706215898 0.07703006312185727 0.087260618380229 0.1305231625120359
2 0.7543530009628757 0.4883919974323311 0.093278592061624 0.18080667593880398
2 0.6640833957419493 0.3921044185300096 0.07041029207232256 0.18508612389001816
2 0.5368032523804429 0.749117363860062 0.09508398416604265 0.15299026425591095
2 0.6688977746870655 0.6859955065796512 0.09809297100674015 0.20862308762169662
2 0.5446266181662565 0.9374130737134909 0.07462287364929936 0.1251738525730181
2 0.6788274312613674 0.8849898363111157 0.0974911736386008 0.14657109232908952
2 0.9106397774687065 0.27260083449235045 0.10796244784422825 0.2420027816411683
2 0.9204189847009735 0.5938803894297635 0.08058066759388041 0.20862308762169668
2 0.20039852359045682 0.06258692628650903 0.09267679469348457 0.12517385257301805
2 0.2780303840804536 0.2663956349630897 0.09147319995720551 0.13694233443885737
2 0.030511126564673162 0.13004172461752433 0.061022253129346324 0.21835883171070933
2 0.3113653290648583 0.10660763223082682 0.07221568417674121 0.11110105257960186
