2 0.17406988873435328 0.7976356050069541 0.12752086230876222 0.1821974965229485
2 0.33092837273991654 0.7058414464534075 0.1251738525730181 0.20445062586926283
2 0.8322302096106524 0.40690966249969135 0.11897071047065708 0.18023059640690955
2 0.5699854334175507 0.5591592530717384 0.13239542099069226 0.17858465488721187
2 0.531562986067105 0.3167943642962366 0.10832352626511181 0.2222021051592036
2 0.719842236505337 0.6159936137469034 0.08702915785402154 0.1818765379266076
2 0.7580841446453408 0.8518776077885951 0.11109179415855365 0.17385257301808069
2 0.6074843532684284 0.9068150208623088 0.12282684283727406 0.18636995827538244
2 0.9259822670375522 0.7858136300417246 0.14803546592489567 0.27816411682892905
2 0.6758502021129624 0.14211425994251062 0.09883400805092776 0.186040485742923
2 0.24890182174590286 0.4017957712920073 0.13735020236489234 0.21704723336674359
2 0.40987044515237725 0.46251731872198915 0.11918218617906007 0.20929554646078835
2 0.3609952565208577 0.09135370663329757 0.12169345752877035 0.17506275162364138
2 0.8981223922114049 0.16133518776077885 0.14864394993045907 0.239221140472879
2 0.6900208623087621 0.3553546592489569 0.0876216968011127 0.15994436717663418
2 0.055545897079276776 0.4638386648122392 0.11109179415855355 0.21001390820584143
2 0.05554589707927676 0.11126564673157163 0.10952712100139081 0.21418636995827542
