2 0.18697844228094573 0.21627260083449237 0.1220445062586926 0.14047287899860916
2 0.04107267037552156 0.20097357440890126 0.08214534075104311 0.4019471488178025
2 0.5128216272600835 0.5563282336578581 0.11343880389429764 0.19749652294853967
2 0.9145514603616135 0.24130737134909594 0.11109179415855365 0.262865090403338
2 0.7999391515994438 0.24617524339360222 0.0852746870653685 0.19471488178025037
2 0.7580841446453408 0.07093184979137691 0.15803198887343542 0.12517385257301808
2 0.9243306675938804 0.6091794158553546 0.10874478442280947 0.26981919332406124
2 0.6849356745479834 0.6954102920723225 0.12595618915159953 0.2058414464534075
2 0.7604311543810849 0.48887343532684285 0.11735048678720432 0.17941585535465931
2 0.709970445062587 0.9109874826147427 0.14473226703755215 0.1780250347705146
2 0.5590697550016047 0.27602439285332186 0.11554509468278581 0.19685460575585748
2 0.6839427088905531 0.24874291216433078 0.07642826575371771 0.14443136835348241
2 0.4844468813523055 0.06312185728041082 0.1841499946506901 0.12624371456082165
2 0.213638065689526 0.04649784793146299 0.11434149994650682 0.09299569586292598
2 0.2914088024952473 0.28145599986832465 0.06434602628568604 0.15471850285159372
2 0.43306264453423965 0.2855708536675692 0.10971228942235677 0.18105356716675847
