3 0.7955761206804323 0.07168075318283941 0.14202417888092428 0.13480261046325023
2 0.019167246175243395 0.8595271210013908 0.03833449235048679 0.19193324061196107
2 0.14668810848400557 0.8936022253129345 0.12595618915159945 0.1460361613351877
2 0.11382997218358834 0.704450625869263 0.11343880389429767 0.14325452016689852
2 0.06297809457579973 0.38942976356050074 0.0930980528511822 0.24756606397774694
2 0.04224617524339361 0.11543810848400556 0.0766689847009736 0.16968011126564672
2 0.12517385257301808 0.0952712100139082 0.11109179415855355 0.13490959666203062
2 0.21201321279554938 0.2614742698191933 0.0844923504867872 0.13630041724617523
2 0.24017732962447844 0.4624478442280946 0.15646731571627265 0.1877607788595271
2 0.3543984700973574 0.7100139082058415 0.12204450625869263 0.15716272600834486
2 0.44319367176634217 0.5980528511821974 0.11656815020862311 0.16133518776077885
2 0.36300417246175243 0.37830319888734354 0.12673852573018077 0.18080667593880392
2 0.323105006954103 0.17385257301808069 0.1204798331015299 0.13630041724617523
2 0.37982440890125174 0.06745479833101528 0.1337795549374131 0.13490959666203056
2 0.45884040333796944 0.26634214186369953 0.07745132127955494 0.17663421418636993
2 0.5456797635605006 0.23087621696801114 0.11343880389429756 0.20305980528511824
2 0.6168723922114048 0.42628650904033377 0.12439151599443676 0.1710709318497914
2 0.6282162726008345 0.6223922114047288 0.19714881780250346 0.21001390820584143
2 0.48817802503477054 0.8866481223922114 0.10326842837274 0.1265646731571627
2 0.6900208623087621 0.9068150208623088 0.12830319888734365 0.18358831710709325
2 0.8367089707927678 0.7934631432545202 0.09935674547983311 0.1515994436717662
2 0.8065890125173852 0.6063977746870655 0.13456189151599432 0.1502086230876217
2 0.8617437413073713 0.3956884561891516 0.12595618915159945 0.18776077885952716
2 0.6771123087621698 0.22253129346314324 0.10405076495132136 0.15855354659248957
2 0.7561283031988872 0.40472878998609174 0.09935674547983311 0.152990264255911
2 0.9513212795549374 0.1383866481223922 0.09388038942976351 0.19888734353268428
