2 0.561326495132128 0.5778859527121001 0.08840403337969406 0.20445062586926277
2 0.7150556328233658 0.33657858136300417 0.11422114047287892 0.2058414464534075
2 0.8785639777468707 0.38456189151599446 0.07979833101529892 0.20166898470097355
2 0.7303111961057024 0.6995827538247567 0.10092141863699582 0.20862308762169676
2 0.8417941585535467 0.9095966620305981 0.0891863699582754 0.13073713490959676
2 0.9478007649513214 0.7899860917941585 0.0915333796940196 0.16968011126564675
2 0.8097183588317108 0.10083449235048679 0.07979833101529905 0.17385257301808069
2 0.9458449235048678 0.14812239221140472 0.1063977746870654 0.1877607788595271
2 0.5902729485396384 0.23991655076495136 0.1087447844228096 0.20445062586926288
2 0.43928198887343534 0.3080667593880389 0.10874478442280947 0.12934631432545202
2 0.31997566063977745 0.1773296244784423 0.09231571627260088 0.14047287899860916
2 0.3172374826147427 0.4102920723226704 0.10092141863699584 0.17246175243393602
2 0.3364047287899862 0.611961057023644 0.10952712100139085 0.1585535465924896
2 0.49365438108484017 0.7211404728789986 0.11265646731571628 0.1460361613351877
2 0.40877086230876214 0.9339360222531293 0.09466272600834494 0.13212795549374134
2 0.2566063977746871 0.8094575799721835 0.11109179415855355 0.1585535465924896
2 0.18228442280945756 0.4179415855354659 0.1220445062586926 0.21557719054241997
2 0.14981745479833103 0.17315716272600834 0.09153337969401949 0.1432545201668985
