3 0.09388038942976357 0.2862950679362362 0.05235637102813737 0.08986840697550022
2 0.1247826842837274 0.8755215577190542 0.14160292072322672 0.18219749652294864
2 0.25152121001390815 0.7573018080667595 0.11813282336578577 0.17663421418636985
2 0.08097183588317108 0.5285118219749653 0.10248609179415855 0.14742698191933237
2 0.13730006954102922 0.7183588317107091 0.1650730180806676 0.15159944367176637
2 0.2515212100139082 0.3991655076495132 0.08527468706536859 0.17524339360222527
2 0.21201321279554938 0.560500695410292 0.10639777468706539 0.1363004172461752
2 0.4564933936022254 0.6189151599443672 0.10092141863699589 0.15020862308762162
2 0.3657423504867872 0.6870653685674548 0.08058066759388041 0.13630041724617528
2 0.6129607093184979 0.8393602225312935 0.1040507649513212 0.17941585535465931
2 0.4928720445062587 0.799721835883171 0.09700973574408905 0.14742698191933243
2 0.4787899860917942 0.945757997218359 0.09388038942976365 0.10848400556328229
2 0.3309283727399166 0.16133518776077885 0.046940194714881825 0.16689847009735748
2 0.09857440890125174 0.14881780250347704 0.11109179415855355 0.14186369958275383
2 0.24682719054242003 0.06536856745479833 0.09466272600834494 0.13073713490959665
2 0.4631432545201669 0.2906815020862309 0.10013908205841453 0.16133518776077882
2 0.5668028511821975 0.3129346314325452 0.08371001390820589 0.16689847009735742
2 0.7146644645340752 0.411682892906815 0.12126216968011122 0.25034770514603616
2 0.903989916550765 0.5083449235048679 0.12282684283727406 0.2461752433936023
2 0.7252260083449236 0.19401947148817805 0.07510431154381081 0.15716272600834494
2 0.6078755215577191 0.11404728789986093 0.09544506258692621 0.16968011126564675
2 0.924721835883171 0.2280945757997218 0.1251738525730181 0.15299026425591097
