3 0.4573031096648782 0.44979103940102294 0.06718870298106573 0.1276585356640249
2 0.5158832600764949 0.25681015361651766 0.06844849116196074 0.1134742539235776
2 0.3386730559639341 0.6020854328247718 0.0743275026728039 0.11720695964474778
2 0.35106097307606815 0.08473241987056614 0.0646691266192757 0.08585223158691725
2 0.42057543885263227 0.7393628640010431 0.059436160329404186 0.10623854744869349
2 0.7102265834492275 0.19798271145087354 0.08406986460505862 0.17080861380075363
2 0.6108712889159766 0.14897228533190732 0.05895808686588524 0.1737201242632665
2 0.25919301963126984 0.33686773126988895 0.06424919722564408 0.18738182720274982
2 0.11359090097736417 0.34676836149672224 0.04409258633132433 0.0843591492984491
2 0.0909147137212545 0.18066295690464323 0.05417089177848418 0.12989815909672697
