0 0.07962242101538132 0.05308161401025421 0.04629210524150078 0.08970381282353036
2 0.1872515657018706 0.1082206549201307 0.07915949996296634 0.2164413098402614
2 0.27960431565866467 0.09011529820345483 0.0777707368057213 0.1275604677765799
2 0.4270446708528445 0.24483380105504846 0.058790973656706026 0.12756046777657992
2 0.5029637234489058 0.36210713433351716 0.10786060521269675 0.13496720461522005
2 0.3701587953733849 0.4599140438694059 0.09365248983472846 0.12471172283864142
2 0.503159574663389 0.5045443812304424 0.07477955462088595 0.1481347367728025
2 0.40149498969070846 0.5532895723907236 0.07442346150364351 0.1000226000431742
2 0.4376384410908034 0.7017408363788527 0.0683698785105242 0.12597783169994756
2 0.503159574663389 0.6808500401673035 0.05056522264840851 0.09812343675121525
2 0.4899332588801031 0.8531764998257743 0.07681437243369914 0.14921997293963613
2 0.5738694936586485 0.8527243180895934 0.07986659915291888 0.10490616279392598
2 0.5779391292842749 0.7166176154991981 0.07681437243369899 0.09495816459795023
2 0.5901480361611543 0.6085461805520069 0.06460546555681965 0.08139271251252879
2 0.6240175786554303 0.21808725135995913 0.06110557891878102 0.1333212630955222
2 0.7064175259853017 0.1761157426076651 0.07221568417674121 0.10204837422126392
2 0.6388310523327106 0.44769609335780297 0.06480894733810097 0.14319691221370903
2 0.7362759338660697 0.42588736822180706 0.09119544732575662 0.19669001160388766
2 0.8321005917159762 0.5007777073680572 0.060642657866366106 0.11439293561899745
2 0.8249739221140473 0.8713490959666202 0.08840403337969406 0.14047287899860933
2 0.9391950625869263 0.7058414464534075 0.08996870653685676 0.1849791376912377
2 0.9020340751043117 0.39012517385257295 0.1063977746870654 0.16550764951321276
2 0.9541463838664813 0.16968011126564675 0.09170723226703742 0.21418636995827542
2 0.8142781311979985 0.19627852622396325 0.09073252627334157 0.16047929817053597
