3 0.30363786189469577 0.8833718952758508 0.061083665496181466 0.09203637491801345
2 0.10796244784422811 0.8004172461752433 0.08762169680111265 0.10152990264255919
2 0.20379867872044508 0.8108484005563281 0.07119262865090402 0.11682892906815014
2 0.22765994436717663 0.64673157162726 0.09075104311543808 0.13073713490959663
2 0.07588664812239222 0.6321279554937412 0.11109179415855357 0.12378303198887337
2 0.4768341446453408 0.6856745479833102 0.13065020862308763 0.18358831710709325
2 0.5890994436717664 0.6849791376912379 0.07823365785813642 0.14603616133518785
2 0.48661335187760785 0.32614742698191934 0.09231571627260088 0.18776077885952713
2 0.2961143949930459 0.21766342141863704 0.10718011126564676 0.19888734353268434
2 0.16116133518776077 0.4492350486787204 0.09075104311543811 0.0973574408901252
2 0.18736961057023646 0.1968011126564673 0.07901599443671765 0.14603616133518776
2 0.3516602920723227 0.5709318497913769 0.08527468706536855 0.15994436717663427
2 0.7303111961057024 0.3282336578581363 0.08214534075104311 0.13630041724617523
2 0.8175417246175243 0.5159944367176634 0.10013908205841446 0.16968011126564675
2 0.868273242751685 0.32299133411789865 0.09628757890232137 0.18080667593880384
2 0.7375026746549694 0.08184444206697333 0.15706911308441193 0.16368888413394667
2 0.9276706429870546 0.11447523269498233 0.09568578153418188 0.19257515780464318
2 0.9545375521557719 0.5403337969401947 0.09092489568845621 0.20445062586926277
2 0.9506258692628652 0.8769123783031989 0.09874826147426972 0.18776077885952716
2 0.6021534612567522 0.3101966710199709 0.08973546554506313 0.21903683300593862
