2 0.06493393602225313 0.911682892906815 0.10326842837273992 0.17663421418637001
2 0.165855354659249 0.9513212795549374 0.05319888734353267 0.08623087621696811
2 0.17876390820584145 0.7990264255910988 0.08683936022253129 0.157162726008345
2 0.1916724617524339 0.6780250347705146 0.059457579972183615 0.06815020862308757
2 0.12126216968011129 0.6057023643949931 0.0594575799721836 0.07649513212795547
2 0.039507997218358834 0.6731571627260083 0.07901599443671767 0.1474269819193323
2 0.13260605006954104 0.4902642559109875 0.08840403337969402 0.1210013908205842
2 0.1971488178025035 0.3497913769123784 0.20653685674547986 0.1905424200278164
2 0.27772948539638387 0.60778859527121 0.09388038942976358 0.1780250347705146
2 0.3379694019471488 0.7990264255910986 0.13299721835883171 0.17385257301808069
2 0.4940455493741307 0.713490959666203 0.07901599443671764 0.1613351877607788
2 0.536682892906815 0.8894297635605006 0.0876216968011127 0.1655076495132127
2 0.6661595966620305 0.6968011126564673 0.1384735744089012 0.19749652294853967
2 0.6735917941585535 0.9075104311543811 0.07197496522948527 0.15438108484005567
2 0.9478876912378302 0.9262865090403338 0.10422461752433933 0.14742698191933243
2 0.7776425591098749 0.6592489568845619 0.06415159944367176 0.14464534075104304
2 0.7322670375521557 0.45688456189151594 0.09857440890125176 0.15716272600834494
2 0.6638125869262865 0.49304589707927676 0.06806328233657859 0.1655076495132127
2 0.5781467315716271 0.4242002781641168 0.13612656467315717 0.18636995827538244
2 0.464316759388039 0.32962447844228093 0.07901599443671771 0.13073713490959663
2 0.341489916550765 0.4457579972183588 0.05554589707927679 0.08205841446453398
2 0.3457927677329625 0.31154381084840055 0.0641515994436718 0.1335187760778859
2 0.4099443671766342 0.31641168289290683 0.05163421418636993 0.08484005563282337
2 0.6462100139082058 0.29485396383866486 0.08605702364394993 0.13073713490959668
2 0.8132388734353269 0.3546592489568846 0.13847357440890135 0.267037552155772
2 0.9533640472878999 0.32892906815020867 0.09327190542420027 0.1933240611961057
2 0.9658814325452016 0.5563282336578581 0.06823713490959663 0.258692628650904
