3 0.6331714895344094 0.22980999597965476 0.0665830917447166 0.12698547455110507
3 0.6473941436254484 0.05431532097318653 0.057101322350690466 0.044201433619558694
3 0.5996692376755172 0.1251125324485814 0.028656014168612316 0.056188263075710176
3 0.9464079858550317 0.7286703388044008 0.10718402828993633 0.22346821402050956
2 0.28007649513212796 0.539984034367259 0.07128984207191123 0.14237394145386012
2 0.18309453465118383 0.6626066775847455 0.06527186839051607 0.07324439762655245
2 0.20948103463883927 0.534634724428241 0.05601344734221591 0.07735925142579682
2 0.162031626766301 0.5366921513278633 0.04999547366082082 0.06501469002806325
2 0.10995300836961264 0.5276394729695253 0.04582918418908575 0.07159845610685452
2 0.1793911662318638 0.4181843619096213 0.05879097365670598 0.09299569586292585
2 0.25692118409032927 0.324661964760392 0.07221568417674117 0.10122540346141502
2 0.3258964209001654 0.12509155549703319 0.0759190525960613 0.10863214030005515
2 0.41385142085901694 0.19586704084403878 0.06758647365259116 0.13990502917431338
2 0.4881502497716255 0.2596472747323287 0.066197710495346 0.13579017537506896
2 0.44417274979219984 0.578959929553703 0.0902696052209265 0.1506036490523492
2 0.39139974981688896 0.8168890059336192 0.09212128943058652 0.12920640929627766
2 0.2997413814387174 0.8979516257787361 0.07267860522915619 0.10698619878035728
2 0.4953255260840582 0.9683156257458174 0.0481437894511609 0.06336874850836537
2 0.48861317082404054 0.8119511813745257 0.07453028943881627 0.1374361168947665
2 0.5536535786883492 0.6292516726880695 0.07499321049123132 0.12426858473718426
2 0.604574894454 0.8456929825283308 0.07036399996708105 0.15224959057204684
2 0.12556502086230878 0.2670375521557719 0.053981223922114054 0.1251738525730181
2 0.03129346314325452 0.07579972183588318 0.06258692628650904 0.09596662030598052
2 0.046940194714881776 0.21905424200278162 0.07041029207232266 0.12656467315716274
2 0.04185500695410292 0.43671766342141866 0.053981223922114054 0.152990264255911
2 0.10326842837273993 0.4019471488178025 0.061022253129346324 0.08066759388038947
2 0.5323800417246176 0.4541029207232268 0.06649860917941589 0.12100139082058411
2 0.5966959781418967 0.39278748426068416 0.056476368394630896 0.09134975434322819
2 0.6582644781130927 0.4722041625861032 0.05462468418497111 0.100402432701566
2 0.6527094254841127 0.6540807005127107 0.05647636839463097 0.09546460814247264
2 0.7138821279554938 0.8803894297635605 0.09935674547983325 0.1780250347705146
2 0.8228421706676761 0.1752927718478162 0.06527186839051595 0.11521590637884634
2 0.8603387759132918 0.04526339179168963 0.06804939470500614 0.09052678358337926
2 0.4812064339854004 0.028803976594711584 0.08749207890643639 0.05760795318942317
2 0.7446085128095399 0.24483380105504848 0.05416176313255576 0.12262264321748645
2 0.7399793022853898 0.3995523039066422 0.06249434207602604 0.09134975434322826
2 0.7922893812082856 0.35675782439449916 0.056013447342215986 0.08805787130383258
2 0.8675140522257243 0.4703277892536478 0.07221568417674107 0.11768481865839306
2 0.8230736311938835 0.5851322102525696 0.07869657891055126 0.13661314613491768
2 0.7610422101702725 0.6591995786389708 0.09258421048300164 0.14648879525310463
2 0.8226107101414685 0.9234637193340521 0.07777073680572101 0.11686184789854423
2 0.9415420723226704 0.35257301808066754 0.07432197496522946 0.11821974965229483
