2 0.16194367176634217 0.1634214186369958 0.08918636995827538 0.1515994436717663
2 0.3031554242002782 0.19541029207232266 0.10874478442280947 0.15716272600834494
2 0.41268254520166897 0.370653685674548 0.08996870653685676 0.13212795549374134
2 0.25582406119610573 0.4798331015299027 0.11422114047287903 0.16411682892906818
2 0.25034770514603616 0.7114047287899861 0.0719749652294854 0.15716272600834486
2 0.1224356745479833 0.6397774687065368 0.10405076495132129 0.16689847009735742
2 0.07314847009735743 0.9207232267037552 0.08996870653685674 0.1585535465924896
2 0.042637343532684294 0.2732962447844228 0.08214534075104313 0.18219749652294856
2 0.4412378303198888 0.11752433936022251 0.11265646731571628 0.1821974965229485
2 0.4096851313872817 0.7733665138262253 0.06445285422085874 0.12534477726929438
2 0.3560931172423135 0.9113723797085796 0.06196020240016253 0.10888536207231624
2 0.2260952712100139 0.9582753824756606 0.13612656467315717 0.0834492350486788
2 0.6772534996831563 0.29956135658500055 0.14165384203899228 0.20574268996222564
2 0.6355906049658056 0.09176123972315262 0.07591905259606115 0.11933076017809086
2 0.4957884471364733 0.4020212161861889 0.055550526289801 0.12426858473718433
2 0.5434693155352189 0.3049106665240183 0.06388310523327106 0.12426858473718426
2 0.6228602760243929 0.6229888652056192 0.06527186839051623 0.13332126309552222
2 0.5490243681641991 0.8349038358667116 0.07777073680572123 0.16212523969023393
2 0.7418309864950499 0.8061903860555835 0.07730781575330624 0.14072799993416227
2 0.8146314851374156 0.05916624101872285 0.08217533474822603 0.1183324820374457
2 0.9141602920723227 0.2670375521557719 0.11500347705146041 0.14186369958275383
2 0.8316889480724441 0.4315778944989468 0.06943815786225116 0.1475016823421494
