2 0.3203668289290682 0.3553546592489569 0.08214534075104311 0.1515994436717664
2 0.33444888734353273 0.11265646731571627 0.07901599443671767 0.2058414464534075
2 0.25347705146036165 0.17454798331015298 0.0719749652294854 0.12100139082058416
2 0.1380824061196106 0.08970792767732963 0.1103094575799722 0.17941585535465926
2 0.40055632823365783 0.519471488178025 0.10796244784422811 0.1710709318497914
2 0.5218184979137691 0.3497913769123783 0.1283031988873435 0.20723226703755215
2 0.5347270514603616 0.09666203059805284 0.08840403337969406 0.16272600834492348
2 0.7400904033379695 0.26842837273991654 0.15333796940194702 0.26981919332406124
2 0.7365698887343533 0.5500695410292072 0.12439151599443676 0.18776077885952716
2 0.6344749652294854 0.6801112656467316 0.10483310152990263 0.19193324061196107
2 0.6039638386648123 0.849095966620306 0.14551460361613358 0.2016689847009735
2 0.43184979137691243 0.6828929068150208 0.09075104311543804 0.1168289290681502
2 0.4525817107093185 0.8553546592489569 0.09153337969401946 0.1279554937413073
2 0.7584753129346313 0.9394993045897079 0.10092141863699582 0.1210013908205842
2 0.9552329624478443 0.5312934631432544 0.07823365785813635 0.19471488178025034
2 0.8359266342141863 0.4624478442280946 0.06806328233657866 0.14047287899860927
2 0.8883431849791377 0.7628650904033379 0.09309805285118217 0.15438108484005567
2 0.772557371349096 0.7739916550764951 0.08840403337969406 0.1404728789986092
