2 0.2730354659248957 0.4840055632823366 0.12986787204450623 0.22531293463143265
2 0.49365438108484005 0.4582753824756607 0.0876216968011127 0.14603616133518776
2 0.43106745479833103 0.6884561891515995 0.08292767732962446 0.16968011126564675
2 0.535509388038943 0.7663421418636996 0.08683936022253129 0.15855354659248946
2 0.6395601529902644 0.6536856745479832 0.07745132127955494 0.1474269819193323
2 0.3927329624478443 0.9360222531293464 0.1063977746870654 0.1279554937413073
2 0.7056675938803895 0.8741307371349096 0.07979833101529892 0.20723226703755215
2 0.7850747566063978 0.7816411682892909 0.0680632823365785 0.1613351877607788
2 0.9075104311543811 0.7990264255910988 0.1329972183588316 0.26842837273991643
2 0.6966707232267038 0.33449235048678716 0.09622739916550756 0.1821974965229486
2 0.5132127955493742 0.18845618915159945 0.10170375521557723 0.2239221140472879
2 0.38686543810848406 0.2614742698191933 0.08683936022253129 0.19471488178025037
2 0.27029728789986096 0.2426981919332406 0.08683936022253132 0.15994436717663418
2 0.17954624478442283 0.150904033379694 0.060239916550764966 0.09040333796940192
2 0.16781119610570236 0.2934631432545201 0.07432197496522949 0.12239221140472875
2 0.08214534075104311 0.480528511821975 0.15959666203059805 0.1877607788595271
2 0.0445931849791377 0.2121001390820584 0.08605702364394995 0.1321279554937413
2 0.835144297635605 0.12030598052851181 0.09466272600834486 0.21557719054242
2 0.7127086230876216 0.5584144645340752 0.07666898470097365 0.1738525730180806
2 0.2573887343532684 0.7169680111265646 0.11265646731571628 0.1349095966620304
