2 0.5084988790872532 0.6347665488724417 0.10504423347518077 0.14068704513267846
0 0.4708148491410002 0.21605510502518463 0.07301280802086552 0.10719012962489781
3 0.5605499454505154 0.04731439315474005 0.07442595914385003 0.07955517433097885
2 0.6792602617674306 0.14288947151442943 0.12119686641464426 0.22627922618373364
2 0.637424523360702 0.6725271025221725 0.11866136711726667 0.228983758767603
2 0.3147670634856349 0.3727226216193032 0.13437740596213135 0.1814094980488773
2 0.3416125617193558 0.09406418417349192 0.12555888869586646 0.1866352860585157
2 0.24817827163631137 0.9145210389851998 0.12765853566402474 0.17095792202960042
2 0.7675425784142555 0.3830891672857309 0.09062076314571244 0.1154899150130096
2 0.6463553226778518 0.41780175137059344 0.1048143766504625 0.18730717308832645
3 0.22773094039255437 0.13384731757569296 0.03652640287802015 0.07686281603356625
