3 0.09427155771905425 0.6926286509040335 0.0868393602225313 0.1585535465924896
2 0.2855528511821975 0.8303198887343533 0.0844923504867872 0.1390820584144646
2 0.28046766342141866 0.6321279554937413 0.10874478442280947 0.13490959666203062
2 0.3817802503477053 0.6147426981919333 0.10796244784422804 0.17524339360222527
2 0.5186891515994437 0.6662030598052852 0.1048331015299027 0.11682892906815028
2 0.47722531293463144 0.8247566063977746 0.11891515994436716 0.1474269819193323
2 0.6962795549374132 0.6606397774687065 0.10326842837273986 0.1974965229485396
2 0.836317802503477 0.8643949930458971 0.13925591098748258 0.1460361613351877
2 0.6399513212795549 0.9478442280945758 0.09857440890125176 0.10431154381084838
2 0.8570497218358832 0.3810848400556328 0.12126216968011136 0.211404728789986
2 0.7745132127955494 0.5118219749652295 0.11422114047287905 0.16689847009735742
2 0.6274339360222531 0.327538247566064 0.10796244784422804 0.17941585535465923
2 0.709970445062587 0.23226703755215578 0.09779207232267041 0.17246175243393602
2 0.4858310152990264 0.4374130737134909 0.09544506258692621 0.12100139082058411
2 0.45492872044506255 0.24826147426981918 0.1071801112656467 0.14325452016689844
2 0.38843011126564675 0.10987482614742698 0.1494262865090403 0.19471488178025034
2 0.5202538247566064 0.08205841446453409 0.07041029207232256 0.16411682892906818
2 0.8496175243393602 0.057719054242002785 0.07041029207232284 0.11543810848400557
2 0.9635344228094576 0.1905424200278164 0.07293115438108472 0.1863699582753825
2 0.09466272600834494 0.3755215577190542 0.165855354659249 0.17524339360222535
2 0.36300417246175243 0.4290681502086231 0.07666898470097358 0.1321279554937413
