2 0.25070616260009526 0.6090417892464777 0.09389621241603927 0.1659560963632321
2 0.2180903305826029 0.36539456304536216 0.1097275505559529 0.21059925678842922
2 0.2246412291232568 0.11937192896302669 0.08243213996989496 0.13781149522560807
2 0.41161479163775366 0.6361650360590569 0.05022355547834657 0.10772588711297537
2 0.4754860524091292 0.6351945325715527 0.07096806752375052 0.09996185921294114
2 0.20717216634817973 0.9393435320309823 0.1228293476372607 0.12131293593803534
2 0.35620510814805606 0.8966413785807938 0.09116667135743345 0.20671724283841214
2 0.4992366950077502 0.8821047181417283 0.11518063368182681 0.2273750995320563
2 0.5532276170461066 0.6825649367887828 0.05639051857339439 0.18023636196508086
2 0.4802192565744917 0.2559569637373931 0.08698537439512968 0.20903152038553763
2 0.6652881393393021 0.20743178936217896 0.11758023021686505 0.2548904763884873
2 0.7690388335025866 0.726812494396777 0.14277599383476455 0.29861645769362527
0 0.8445619964719957 0.2928382285537748 0.07306771449190905 0.21425730839517612
