2 0.1237989770473455 0.691262519442684 0.1036943157409617 0.1407279999341624
2 0.14254727967015332 0.873550542749216 0.07360444733398623 0.11356996485914862
2 0.25619439803803773 0.8373398293158644 0.10647184205545177 0.13002938005612663
2 0.44784371373785076 0.6826213264642707 0.13702463151484218 0.21232645604101677
2 0.3853493716618248 0.8558566714124646 0.0712898420719111 0.1637711812099316
2 0.45435701294533004 0.5221749471241286 0.06990107891466614 0.11603887713869526
2 0.28909419723317226 0.2995613565850005 0.11434149994650684 0.1645941519697805
2 0.14304260519623735 0.2082116022417723 0.10462015784579172 0.13002938005612655
2 0.11063813152718684 0.3909111109282287 0.09258421048300153 0.1431969122137091
2 0.23354367094337136 0.4830838360313058 0.11434149994650693 0.1596563274106871
2 0.3585323550954234 0.4538683740566697 0.07267860522915619 0.12262264321748638
2 0.4710221708322703 0.3703368419320061 0.06619771049534613 0.09546460814247276
2 0.3893166050810214 0.1670630642493272 0.0925842104830015 0.1366131461349178
2 0.5018064208178683 0.11356996485914855 0.0777707368057213 0.1596563274106871
2 0.32196159195463786 0.0362107134333517 0.06712355260017606 0.0724214268667034
2 0.15438417098040508 0.05966538008904543 0.09952802626922667 0.10616322802050843
2 0.6150236839227958 0.2992086548307795 0.10448789468795888 0.18458058470896813
2 0.5667476313138022 0.4832014032827127 0.07009947365141557 0.1951616373355968
2 0.69107499967669 0.6718968417909253 0.09655210521798722 0.16812116951198994
2 0.722487499661994 0.46439064305759503 0.11043973679043759 0.22102643264513383
2 0.8021760522562918 0.38326923958677456 0.06480894733810118 0.16694549699792016
2 0.6718968417909253 0.08229707598489025 0.0700994736514155 0.13872935666024355
