2 0.16233484005563284 0.8178025034770513 0.08840403337969402 0.18915159944367177
2 0.2961143949930459 0.9339360222531293 0.0758866481223922 0.11821974965229487
2 0.5898817802503478 0.8484005563282336 0.15177329624478447 0.21696801112656458
2 0.47370479833101536 0.6147426981919333 0.08058066759388041 0.14186369958275377
2 0.3704363699582754 0.6641168289290681 0.08683936022253129 0.10709318497913778
2 0.3645688456189152 0.4054242002781641 0.1001390820584145 0.24617524339360228
2 0.5765820584144644 0.19888734353268425 0.20027816411682892 0.2976356050069541
2 0.5312065368567455 0.46940194714881783 0.12360917941585527 0.16550764951321276
2 0.7506519471488179 0.7920723226703755 0.1275208623087623 0.2962447844228094
2 0.7639516689847011 0.45271210013908203 0.12439151599443661 0.2239221140472879
2 0.9420201668984701 0.3838664812239221 0.11595966620305972 0.22809457579972187
2 0.9368480528511821 0.6029207232267036 0.08214534075104311 0.1905424200278164
2 0.9408466620305981 0.17802503477051462 0.11830667593880378 0.21140472878998612
2 0.2789029902642559 0.7447844228094576 0.05241655076495135 0.09040333796940189
2 0.42128824756606403 0.885952712100139 0.07901599443671764 0.14186369958275377
