3 0.45474154036372527 0.5866693581963386 0.06114171971276974 0.1329589777880868
2 0.4208952312370134 0.24650788582608765 0.09280439599259709 0.11451941152550532
2 0.5478188904621828 0.9194482105371447 0.07697305785268348 0.13587048825059939
2 0.5865783734943851 0.7806662118240323 0.07369760858235651 0.15333955102567642
2 0.6212435449386787 0.34016147237025096 0.06441716898309671 0.13684099173810385
3 0.9340489502549025 0.10927869121211135 0.06114171971276974 0.14868113132391442
2 0.07593965360789523 0.6261420606963032 0.07096806752375064 0.1572215649756936
2 0.1801497098679824 0.2911510462512847 0.08406986460505844 0.196041704475865
3 0.06676877358743402 0.260916129909805 0.07222785570464561 0.13213778252942915
2 0.7621718494414638 0.8212033959559417 0.08314601993906877 0.1440824408371742
2 0.7350850597781624 0.6772194345978315 0.0835659493327006 0.1418428174044719
