3 0.4192624197757555 0.7517058019096072 0.05568263759555819 0.14072300568812096
3 0.5107020452390495 0.6333043764340848 0.08134032354645264 0.1077258871129751
3 0.5736881562229454 0.7649175416305937 0.04457712024705316 0.10107018568091931
2 0.6360315200467227 0.6833722781834886 0.04780734635191209 0.10336723535548557
3 0.6864230472825219 0.5208560137079193 0.0458692106889967 0.08269378828438853
2 0.5704579301180864 0.2997649825309084 0.058144069887460646 0.0976246111690698
2 0.7304843262624382 0.4456598689065681 0.06234336382377734 0.08039673860982219
2 0.7056428926064325 0.2147741445719535 0.05588291161405948 0.10107018568091927
2 0.7936665539638382 0.21592266940923666 0.042638984584137916 0.10796133470461829
2 0.3110356128867633 0.5538106590514733 0.06214955025748577 0.12541891223132254
2 0.21458392014577846 0.21799001411634633 0.0520712448103259 0.10152959561583255
2 0.1293705554996 0.21908111271176536 0.041669916752680135 0.11772379582152528
