2 0.26181310242778616 0.9268488745980707 0.1383770087140933 0.14630225080385856
2 0.5227090032154341 0.7741157556270096 0.14831189710610937 0.2684887459807074
2 0.5896302250803859 0.3440514469453376 0.18448553054662384 0.3279742765273312
2 0.22156350482315113 0.1856913183279743 0.15373794212218647 0.19131832797427656
2 0.10219051446945338 0.4059485530546624 0.15916398713826366 0.2588424437299035
2 0.39790996784565913 0.2837620578778135 0.08319935691318321 0.3360128617363344
2 0.7234726688102893 0.7210610932475885 0.1284163987138264 0.29421221864951763
2 0.7600985195811595 0.26527331189710607 0.08952974276527328 0.22508038585208998
2 0.5344654340836013 0.5956591639871383 0.09224276527331199 0.14308681672025728
2 0.14424236334405144 0.6012861736334405 0.10942524115755624 0.15434083601286175
2 0.9400622990353696 0.44292604501607713 0.10038183279742768 0.23633440514469456
2 0.1302250803858521 0.8480707395498394 0.12660771704180063 0.14630225080385842
