2 0.905163421418637 0.21070931849791377 0.08449235048678716 0.14881780250347704
2 0.92980702364395 0.4624478442280946 0.07275730180806676 0.16550764951321284
3 0.6796699475767626 0.652401840162619 0.13179362362255262 0.059912271317000144
3 0.8021357119931528 0.5796512249919761 0.07101208944046206 0.2011340537070719
2 0.603000962875789 0.2669305659569915 0.10110195784743774 0.19792446774366104
2 0.6691986733711351 0.45522627581042036 0.09026960522092659 0.15085054028030384
2 0.4471354445276559 0.285653150743554 0.08906601048464743 0.14764095431689314
2 0.44803814057986513 0.4755536535786884 0.06559591312720656 0.15726971220712535
2 0.3565649406226597 0.45415641382261684 0.10050016047929819 0.14015192040226807
2 0.24553332620092008 0.42099069220070606 0.09026960522092654 0.19578474376805396
2 0.5025008023964908 0.6226596769016797 0.10591633679255373 0.1262437145608216
2 0.5449275168503263 0.46057558574943824 0.08124264469883392 0.13373274847544664
2 0.7056074141435754 0.8459398737562853 0.10170375521557702 0.19685460575585736
2 0.5816371563068364 0.7421632609393387 0.06439231839092749 0.16903819407296466
2 0.28826093933882524 0.6351770621589814 0.08184444206697332 0.16047929817053594
2 0.40831951428265756 0.6357119931528833 0.07281748154488063 0.15726971220712543
2 0.16702885952712102 0.7732962447844228 0.11030945757997218 0.15577190542420027
2 0.04537552155771906 0.42350486787204455 0.07041029207232269 0.1821974965229485
2 0.11539464534075104 0.27121001390820587 0.10718011126564671 0.13073713490959668
2 0.03989916550764952 0.06606397774687066 0.07979833101529904 0.13212795549374132
2 0.2538682197496523 0.0368567454798331 0.10405076495132125 0.0737134909596662
2 0.4467141863699583 0.025034770514603615 0.08292767732962446 0.05006954102920723
