3 0.2014910172741562 0.653562228934006 0.04768086839874581 0.15389553209174472
2 0.03989916550764951 0.933240611961057 0.0657162726008345 0.13073713490959676
2 0.2648209318497914 0.821279554937413 0.06649860917941589 0.07927677329624473
2 0.38021557719054244 0.7420027816411684 0.1220445062586926 0.1460361613351877
2 0.34853094575799726 0.945757997218359 0.11969749652294852 0.10848400556328229
2 0.5351182197496523 0.8831710709318498 0.10170375521557716 0.17524339360222527
0 0.6277302054957988 0.8089637975162742 0.026849421040070567 0.037856654953049684
2 0.6645949235048678 0.9346314325452016 0.11500347705146041 0.13073713490959676
2 0.4803546592489569 0.5347705146036161 0.0704102920723227 0.13490959666203062
2 0.3383605702364395 0.5264255910987482 0.12282684283727395 0.17941585535465926
2 0.3481397774687065 0.3567454798331015 0.10326842837273993 0.1710709318497914
2 0.4334144645340751 0.3358831710709319 0.06571627260083446 0.10431154381084841
2 0.5151686369958276 0.14673157162726005 0.11343880389429764 0.12934631432545202
2 0.5750173852573017 0.3045897079276773 0.0735396383866481 0.10848400556328236
2 0.7318758692628652 0.3317107093184979 0.12126216968011122 0.22392211404728787
2 0.8378824756606398 0.24478442280945756 0.09544506258692635 0.23087621696801114
2 0.6516863699582754 0.07649513212795549 0.0719749652294854 0.15299026425591097
2 0.6454276773296245 0.7030598052851182 0.10639777468706534 0.16828929068150217
2 0.778816063977747 0.6237830319888734 0.10248609179415852 0.16550764951321284
2 0.7811630737134909 0.8386648122392211 0.07275730180806676 0.11126564673157176
