2 0.05945757997218359 0.9381084840055632 0.08292767732962447 0.11265646731571635
2 0.18658727399165506 0.7114047287899861 0.12439151599443672 0.14881780250347704
2 0.25269471488178025 0.5166898470097357 0.1251738525730181 0.14881780250347704
2 0.3825625869262865 0.5104311543810849 0.12204450625869263 0.17246175243393602
2 0.29024687065368565 0.8198887343532684 0.06102225312934635 0.07927677329624487
2 0.3809979137691238 0.7225312934631433 0.1063977746870654 0.1515994436717662
2 0.47957232267037553 0.687760778859527 0.09075104311543811 0.12378303198887337
2 0.5171244784422809 0.45271210013908203 0.09388038942976358 0.15994436717663427
2 0.7087969401947148 0.5639777468706536 0.16898470097357446 0.24061196105702373
2 0.600443324061196 0.8671766342141864 0.13377955493741317 0.21835883171070933
2 0.8187152294853965 0.8031988873435327 0.07745132127955501 0.15438108484005567
2 0.9623609179415855 0.6397774687065368 0.07527816411682892 0.16689847009735742
2 0.9424113351877608 0.9151599443671766 0.11517732962447838 0.16968011126564675
2 0.7758066802668292 0.2758308590702365 0.09956072869836106 0.18733243356058218
2 0.6795161944819177 0.25903553744066715 0.13662348171745906 0.24676203317290488
2 0.4520526318352969 0.23061268545216493 0.15697165984559128 0.22092307681972098
2 0.26564878576865736 0.28099865034087324 0.1329898784802926 0.18216464228994547
2 0.3779271257971012 0.06847323433593694 0.12208906876879326 0.1136914079540085
2 0.5552469637708246 0.07105712997125532 0.10900809711499392 0.11110751231869014
2 0.05476356050069541 0.054242002781641166 0.10952712100139082 0.10848400556328233
