2 0.5640646731571627 0.8588317107093185 0.09231571627260088 0.1265646731571627
2 0.8828668289290682 0.6954102920723227 0.12908553546592486 0.19193324061196107
2 0.5323800417246176 0.4756606397774687 0.12752086230876222 0.23922114047287907
2 0.8570497218358832 0.3331015299026426 0.14942628650904027 0.17663421418636996
2 0.6677242698191932 0.41655076495132126 0.10248609179415852 0.17385257301808069
2 0.5812760778859527 0.06815020862308763 0.08136300417246176 0.13630041724617525
2 0.6880650208623088 0.21627260083449237 0.08840403337969406 0.18219749652294856
2 0.866046592489569 0.08762169680111268 0.12360917941585527 0.17524339360222535
2 0.43067628650904033 0.13977746870653684 0.12908553546592486 0.196105702364395
2 0.24213317107093185 0.15438108484005567 0.14160292072322675 0.200278164116829
2 0.0844923504867872 0.14881780250347704 0.11578581363004173 0.19471488178025034
2 0.3504867872044506 0.3769123783031989 0.148643949930459 0.21696801112656466
2 0.07823365785813631 0.700278164116829 0.1376912378303199 0.2628650904033379
2 0.2217924200278164 0.7482614742698191 0.11813282336578584 0.18636995827538244
2 0.19871349095966623 0.4144645340751043 0.1236091794158554 0.20305980528511824
3 0.028946453407510432 0.4631432545201669 0.057892906815020864 0.08901251738525723
