2 0.4353703059805285 0.1655076495132128 0.07432197496522946 0.20305980528511822
2 0.33836057023643945 0.13004172461752433 0.08371001390820589 0.16550764951321276
2 0.5222096662030599 0.4534075104311544 0.08840403337969406 0.18080667593880392
2 0.578537899860918 0.2753824756606398 0.11969749652294852 0.19193324061196101
2 0.45492872044506255 0.6126564673157162 0.11187413073713494 0.20166898470097344
2 0.3219315020862309 0.5577190542420027 0.12595618915159945 0.1641168289290681
2 0.25465055632823363 0.739221140472879 0.10248609179415852 0.15994436717663432
2 0.07314847009735745 0.8915159944367176 0.11500347705146037 0.1613351877607788
2 0.21709840055632823 0.9005563282336578 0.10248609179415852 0.10709318497913756
2 0.37825973574408905 0.9478442280945758 0.10561543810848399 0.10431154381084838
2 0.4975660639777469 0.9520166898470097 0.08292767732962446 0.09596662030598054
2 0.6156988873435326 0.7920723226703755 0.10170375521557716 0.14881780250347704
2 0.9133779554937413 0.6265646731571627 0.10718011126564676 0.21001390820584143
2 0.945931849791377 0.3984700973574409 0.10813630041724608 0.20445062586926288
2 0.8895166898470097 0.9214186369958276 0.11265646731571635 0.15716272600834486
