3 0.6114029799771213 0.6592901054225544 0.14906057887763224 0.08558895902428568
2 0.817287118038696 0.23536963731678612 0.06342018418085602 0.11192402333945072
2 0.7434512101785024 0.2608817308721021 0.06388310523327106 0.10698619878035732
2 0.8964466180016624 0.23578112269671053 0.07545613154364617 0.1440198829735579
2 0.7929837627869081 0.4608636255153854 0.0712898420719111 0.13332126309552222
2 0.8856050069541029 0.5493741307371348 0.08292767732962446 0.152990264255911
2 0.5683675243393602 0.8407510431154381 0.08996870653685676 0.1627260083449235
2 0.46979311543810853 0.7211404728789985 0.08996870653685668 0.1933240611961056
2 0.39077712100139084 0.5764951321279554 0.08214534075104303 0.16828929068150203
2 0.5484179415855355 0.45479833101529904 0.10326842837273986 0.14464534075104318
2 0.41581189151599446 0.4248956884561892 0.08058066759388041 0.14881780250347704
2 0.4995219054242003 0.28720445062586925 0.09622739916550756 0.1627260083449235
2 0.35087795549374134 0.3171070931849791 0.08996870653685683 0.13908205841446455
2 0.23391863699582757 0.4269819193324061 0.0641515994436718 0.14464534075104318
2 0.32779902642559106 0.45271210013908203 0.05319888734353277 0.13769123783031978
2 0.1419940890125174 0.42211404728789986 0.09466272600834494 0.1404728789986092
2 0.17641689847009737 0.657162726008345 0.08058066759388038 0.11821974965229494
2 0.32232267037552154 0.6105702364394993 0.07197496522948538 0.13908205841446444
2 0.361078420883706 0.9456839298499724 0.06295726312844102 0.09711054966217049
2 0.48722440766679553 0.957205520487857 0.06434602628568604 0.08558895902428588
2 0.050069541029207236 0.7447844228094576 0.10013908205841447 0.18776077885952716
2 0.03520514603616134 0.2531293463143255 0.07041029207232267 0.1251738525730181
