3 0.19208909069960745 0.5049666285356881 0.27821555250141955 0.23207775427739047
2 0.08097183588317108 0.9144645340751043 0.09466272600834494 0.13212795549374134
2 0.2523035465924896 0.8567454798331017 0.0930980528511822 0.15020862308762176
2 0.41581189151599446 0.9304589707927677 0.11656815020862311 0.1390820584144646
2 0.48465751043115435 0.7600834492350487 0.09779207232267034 0.14881780250347704
2 0.6340837969401947 0.8143254520166897 0.12126216968011129 0.17663421418636985
2 0.8003303198887344 0.9089012517385257 0.12673852573018066 0.18219749652294864
2 0.8108918636995827 0.6884561891515993 0.11030945757997201 0.19193324061196101
2 0.8034596662030599 0.2705146036161335 0.09544506258692621 0.1404728789986092
2 0.6051373435326842 0.4172461752433936 0.11500347705146041 0.20584144645340754
2 0.6931502086230875 0.30737134909596664 0.08918636995827527 0.16133518776077888
2 0.45727573018080675 0.47009735744089015 0.11187413073713494 0.211404728789986
2 0.05867524339360223 0.2009735744089012 0.11735048678720446 0.22114047287899857
2 0.9325452016689849 0.04033379694019471 0.07510431154381095 0.08066759388038942
2 0.833970792767733 0.43810848400556324 0.09700973574408892 0.13073713490959668
2 0.9607962447844228 0.7260083449235049 0.07840751043115432 0.21418636995827542
2 0.7310935326842838 0.059805285118219746 0.08840403337969406 0.11961057023643949
2 0.37552155771905427 0.609874826147427 0.08292767732962446 0.15438108484005567
2 0.19362830319888735 0.7051460361613351 0.10874478442280942 0.10570236439499311
