2 0.3538568524660318 0.28618808173745586 0.07341927891302018 0.12731357654862524
2 0.4242671445383545 0.11714988766449125 0.08665882101208951 0.14871081630469668
2 0.31474002353696373 0.1711779180485717 0.06499411575906713 0.08558895902428587
2 0.2774285867123141 0.056702685353589376 0.0698084947041831 0.08344923504867871
2 0.5458302129025355 0.16475874612175026 0.0686048999679042 0.10056702685353586
2 0.48053519845939874 0.3974537284690274 0.0716138868086017 0.12945330052423237
2 0.5521490852680004 0.3669626618166257 0.05596715523697448 0.12196426660960732
2 0.38093773403230985 0.4696694126457686 0.07462287364929936 0.10912592275596446
2 0.5181475339681182 0.5622124745907777 0.06379052102278805 0.09949716486573237
2 0.2888627367069648 0.8944046218037873 0.06740130523162513 0.14122178239007183
2 0.4405156734781213 0.784743768053921 0.10110195784743765 0.1872258478656252
2 0.38184043008451907 0.6082165400663314 0.09568578153418208 0.12303412859741109
2 0.2735169038194073 0.38568524660318815 0.08485342890767093 0.15299026425591097
2 0.22266502621161868 0.5204878570664383 0.07943725259441532 0.12089440462180377
2 0.1766275275489462 0.6387076067187332 0.0812426446988338 0.1262437145608216
2 0.6406132983845084 0.7135979458649834 0.0692066973360437 0.1540601262437147
2 0.7453260404407831 0.6205199529260724 0.0716138868086017 0.1583395741949287
2 0.6974831496736923 0.4006633144324382 0.11073071573766996 0.21718198352412532
2 0.7543530009628756 0.20113405370707174 0.06318872365464856 0.12624371456082162
2 0.8503396811811276 0.651545950572376 0.07221568417674121 0.21183267358510746
2 0.8446226061838021 0.4627153097250454 0.06679950786348555 0.1358724724510538
2 0.9000782336578581 0.08762169680111268 0.09309805285118201 0.1502086230876217
2 0.7068410987482615 0.049374130737134904 0.2104485396383867 0.09874826147426981
2 0.13495305980528513 0.09874826147426981 0.16350834492350486 0.19749652294853962
2 0.0594575799721836 0.2851182197496523 0.07510431154381085 0.14742698191933243
2 0.07353963838664812 0.6196105702364395 0.0844923504867872 0.15159944367176637
2 0.14082058414464535 0.8915159944367176 0.12830319888734354 0.1835883171070931
2 0.9463230180806675 0.8908205841446454 0.10735396383866487 0.21835883171070933
2 0.6957703417797565 0.9522676959287637 0.12035947362790182 0.09546460814247268
2 0.7385905391281448 0.7991951345968679 0.07082692101949618 0.14319691221370917
2 0.542543473430389 0.9539136374484615 0.07221568417674121 0.09217272510307709
2 0.9176808066759389 0.2788595271210014 0.07979833101529905 0.17107093184979139
2 0.9725312934631433 0.6884561891515995 0.05493741307371351 0.19471488178025034
