2 0.045375521557719053 0.946453407510431 0.08605702364394993 0.10709318497913771
2 0.2116220445062587 0.9019471488178026 0.10092141863699577 0.1265646731571627
2 0.18111091794158554 0.7336578581363002 0.10405076495132126 0.11543810848400554
2 0.07901599443671767 0.7726008344923505 0.050069541029207236 0.0764951321279554
2 0.04654902642559113 0.6147426981919331 0.08058066759388041 0.11404728789986102
2 0.1435587621696801 0.6022253129346312 0.07588664812239213 0.111265646731571
2 0.46627260083449246 0.35465924895688444 0.07510431154381075 0.152990264255911
2 0.26403859527121 0.5584144645340748 0.06336926286509047 0.11543810848400629
2 0.2620827538247566 0.6877607788595271 0.08136300417246176 0.0987482614742698
2 0.38530076495132126 0.7503477051460362 0.07432197496522946 0.18219749652294864
2 0.49561022253129344 0.85326842837274 0.0664986091794158 0.16272600834492337
2 0.6203929068150208 0.9165507649513214 0.11109179415855351 0.16689847009735742
2 0.7483049374130738 0.8136300417246176 0.10874478442280947 0.21418636995827525
2 0.6012256606397774 0.7329624478442281 0.0727573018080669 0.1390820584144646
2 0.49052503477051457 0.5855354659248957 0.12047983310152993 0.13630041724617528
2 0.7115351182197497 0.4082058414464534 0.11343880389429771 0.18497913769123778
2 0.6458188456189152 0.5375521557719054 0.10718011126564683 0.11543810848400561
2 0.8038508344923505 0.27816411682892905 0.09309805285118217 0.23643949930458966
2 0.34657510431154387 0.18289290681502088 0.1017037552155772 0.1376912378303199
2 0.12634735744089012 0.09666203059805284 0.15881432545201668 0.19332406119610568
2 0.0762778164116829 0.3171070931849791 0.08840403337969402 0.15020862308762165
2 0.1885431154381085 0.39847009735744093 0.1017037552155772 0.14603616133518776
2 0.39390646731571627 0.4429763560500696 0.10092141863699582 0.13490959666203062
2 0.6211752433936022 0.08692628650904034 0.09857440890125176 0.17385257301808069
2 0.4842663421418637 0.08205841446453407 0.10952712100139081 0.16411682892906815
2 0.94701842837274 0.6536856745479832 0.07275730180806676 0.15577190542420027
2 0.8656554242002781 0.4895688456189151 0.10561543810848391 0.14464534075104318
2 0.9537552155771906 0.21835883171070933 0.09248956884561892 0.2892906815020862
