2 0.18724651662035743 0.4498283664582347 0.07970259891128917 0.22612731258849755
2 0.2765025092367669 0.4566218908707647 0.07588124142924105 0.21059925678842908
2 0.3690339511235033 0.34064672411400304 0.07751896606440453 0.17080861380075366
2 0.26913274837853124 0.7680496664864765 0.07751896606440446 0.155280558000685
2 0.5142035425019683 0.6379194077480068 0.07432750267280383 0.16647867516419596
2 0.4207692524189238 0.7719316804364936 0.08482573751359539 0.18588874491428173
2 0.5398192355134995 0.3251186683139345 0.07264778509827721 0.13661702939483353
2 0.6385026430169398 0.3971598887325215 0.0894449608435437 0.1522943934237489
2 0.5742534457912958 0.5188460952426738 0.06508905601290735 0.15378747571221701
2 0.7340365800681425 0.6577027480702093 0.11086135991875835 0.23889316615490017
2 0.67272688859792 0.8775672523456136 0.06382926783201243 0.12392582994285448
2 0.06751172559155157 0.3144086742062688 0.10013700925062674 0.1797441370348167
