2 0.9409666398713825 0.08038585209003216 0.10038183279742753 0.1607717041800643
2 0.06872986600709804 0.42041818344181187 0.0705385852090032 0.16559485530546625
2 0.1641378617363344 0.5329581993569132 0.07506028938906754 0.19131832797427656
2 0.21930265273311897 0.8327974276527331 0.12389469453376206 0.18649517684887457
2 0.04340836012861736 0.8906752411575561 0.07596463022508038 0.17684887459807086
2 0.40152733118971057 0.5771704180064309 0.11032958199356913 0.22829581993569129
2 0.47523110932475887 0.3360128617363344 0.09314710610932486 0.17041800643086816
2 0.6402733118971061 0.454983922829582 0.09224276527331178 0.17363344051446944
2 0.7506028938906752 0.4879421221864952 0.10309485530546623 0.21061093247588425
2 0.7727592443729904 0.3070739549839228 0.09857315112540178 0.12540192926045016
2 0.9179059485530545 0.3737942122186495 0.117564308681672 0.25562700964630225
2 0.8279240353697749 0.6921221864951768 0.10038183279742782 0.18167202572347263
2 0.6303255627009646 0.7242765273311897 0.09947749196141473 0.15594855305466226
2 0.960761655948553 0.642369739495673 0.07847668810289406 0.18827645648330738
2 0.27311093247588425 0.19533762057877813 0.11756430868167204 0.15916398713826363
2 0.03617363344051447 0.21954015750210387 0.07234726688102894 0.16863672679643543
2 0.41780546623794207 0.07395498392282959 0.10852090032154343 0.12861736334405147
2 0.6583601286173633 0.21141479099678456 0.09586012861736336 0.15916398713826363
