2 0.5950399507760629 0.4524039334058422 0.10330263083338849 0.13437740596213132
2 0.5173530129542057 0.3295979151793388 0.06046983268295904 0.16199942829879166
2 0.7415953091535123 0.17207773374595156 0.08230616115180553 0.212764226106708
2 0.7444506610584506 0.8060646727482095 0.08243213996989496 0.20865824981342074
2 0.8380739193686293 0.835179777373338 0.09062076314571228 0.17954314518829237
0 0.21965537513040703 0.16538669215795473 0.029320513874873343 0.05256709832180686
2 0.25138728807656574 0.5923375571901895 0.10876171295060008 0.20828497924130354
2 0.380046268310209 0.3601090088778389 0.11813754968000638 0.19912492650466465
2 0.40595851387681414 0.11689921058482806 0.13875589561472437 0.20209694033309258
2 0.7928022972788054 0.6751544278222444 0.08134032354645257 0.15819206846319808
2 0.7710953490561365 0.4182870031143456 0.0726057921589141 0.08734531387538538
