3 0.31914633916006196 0.50802124865128 0.08986489023717528 0.14109627626023788
3 0.2679149531369994 0.640532301752826 0.0839858787263321 0.1045157601927687
3 0.3323741150594593 0.3471416320688393 0.08188623175817383 0.08361260815421502
3 0.20705468086762124 0.2628752942476958 0.0643626744718902 0.07905556783618035
3 0.17161683122184182 0.1847568670230501 0.06928382513364378 0.07928264025510197
3 0.059312239165343554 0.75686893668014 0.09787585097722548 0.11427822130967584
3 0.05669046814027416 0.19323930387289398 0.05394477595114408 0.07063427749291516
3 0.7914867424744361 0.5888835352781618 0.04703209208674607 0.07540065556764042
3 0.4431621736935304 0.752946378903527 0.08174956834604508 0.11441074340628532
3 0.4596860226145396 0.6597391709547772 0.09144024666062193 0.11794466598254133
3 0.8926170365616284 0.7276295788954897 0.019704379239639566 0.10681280986733512
