3 0.7079146388431775 0.22252566631264847 0.08534365043240782 0.10270415368276083
3 0.6917212282483104 0.34001299363156434 0.05470746822590243 0.10892864784535242
3 0.7501488043135741 0.768915654213788 0.03326214068134874 0.09336741243887331
3 0.7271716676586951 0.8486669856719924 0.05470746822590243 0.0661352504775354
3 0.5731154371345539 0.7895342911273727 0.032824480935541446 0.059910756314943824
3 0.5418227653093376 0.7175635773724076 0.04814257203879414 0.06691331224785926
3 0.4262805924162318 0.47228349458663493 0.05426980848009521 0.12137763617053551
3 0.46545113966597784 0.3318433450431628 0.06958789958334784 0.10815058607502849
3 0.8996096075067396 0.1361608098066905 0.07133853856657665 0.14783173636154967
3 0.9414061132313291 0.07002555932915511 0.06564896187108275 0.13382662449571864
